162
169
1249
1249
1249
1249
1249
1249
1249
1249
1249
1249
1249
1249
1249
1249
1249
171
169
1249
1249
1249
1249
1249
1249
1249
1249
1249
1249
1249
1249
1249
1249
1249
162
162
1249
1249
1249
1249
1249
1249
1249
1249
1249
1249
1249
1249
47840
1249
1249
162
162
1249
1249
1249
1249
1249
1249
1249
1249
1249
1249
1249
1249
1249
1249
1249
167
181
1249
1249
1249
1249
1249
1249
1249
1249
1249
1249
1249
1249
1249
1249
1249
180
175
165
1249
1249
1249
1249
1249
1249
1249
1249
1183
1183
1183
1183
1183
1183
1183
168
1160
1160
1160
1160
1160
1160
1160
1160
1160
1160
1036
1036
1037
1037
1083
1084
1084
171
163
308
1246
1247
1249
158
1177
1177
1177
158
1204
1205
1205
1205
1205
1205
1205
165
1147
1212
1212
883
884
159
155
484
155
645
814
154
160
1143
1232
1232
1232
1232
1232
1232
1232
1233
1233
1233
1233
1233
1233
1233
1233
1233
159
158
1233
1233
1233
1233
1233
1233
1233
1233
1233
1233
1233
1233
1240
1240
1240
1240
1240
1240
1240
1240
1240
1240
1240
1240
1240
1240
1240
1240
1240
1240
1240
1240
1240
1240
1240
1240
1240
1240
1240
1241
1241
1241
1241
1241
1241
1241
163
160
1241
1241
1241
1241
1241
1241
1241
1241
1154
1154
1155
1155
1054
1054
1055
1055
154
1172
1172
1172
1172
1172
1172
1172
1172
1172
1172
1173
1173
1241
1241
1241
1241
167
1241
1241
1241
1241
1241
757
858
858
1166
1166
1166
1166
1166
1166
1166
1166
1166
158
159
1166
1166
1167
1143
1144
1144
1144
1144
802
803
931
932
848
849
157
746
747
1042
1043
1043
1043
1043
165
723
723
162
155
1193
1194
1194
677
678
1040
1040
1026
1027
1027
1027
1027
161
164
895
896
159
1033
1034
1034
154
154
1211
1211
1211
1211
155
1135
1135
1135
1135
1135
1135
1136
1136
1136
1136
1194
1194
1195
1195
1195
1195
1195
1195
1195
155
1232
1232
1233
1233
1233
1233
1233
1233
1233
803
803
156
846
159
165
727
728
164
797
797
156
660
1060
1060
158
168
795
1146
1147
1147
155
1194
1194
1194
1194
1195
1195
1195
155
726
727
1169
1169
1169
1169
1169
154
742
743
163
1000
1000
1000
1001
165
155
1180
1180
970
970
971
971
157
1144
1145
1145
1145
156
167
1113
1114
162
1041
1041
1042
161
1219
1219
1220
1220
155
1227
1228
1228
1228
1228
1228
1228
1228
1228
1228
166
1186
1186
1186
1186
1186
1186
1186
1187
165
1134
1135
1135
156
419
154
907
907
158
819
913
913
158
157
1132
1132
1132
1132
1133
1133
1133
842
163
948
949
167
1144
1144
170
163
157
1248
1248
1248
1248
1248
1248
1248
1248
1248
1248
1248
1248
1248
1248
1248
158
1248
1249
1249
1249
1249
1249
1249
1249
1249
1249
1249
1249
1249
1249
1249
171
165
1249
1249
1249
1249
1249
1249
1249
1249
1249
1249
1249
1249
1249
1249
1249
156
159
1249
1249
1249
1249
1249
1249
1249
1249
1249
1249
1249
1249
1249
1249
1249
177
165
1249
1249
1249
1249
1249
1249
1249
1249
1249
1249
1249
1249
1249
1249
1249
154
160
1228
1228
1228
1228
1228
1228
1228
1228
1228
1228
1228
1228
1228
1228
1228
1228
167
174
167
1228
1228
1229
1229
1229
1229
1229
1229
1229
1229
1229
1229
1229
1229
1229
1229
159
164
1229
1229
1229
1229
1229
1229
1031
167
157
176
165
159
158
1234
1234
1234
1234
1234
1234
1234
1234
1234
1234
1234
1234
1234
1235
1235
1235
154
1235
1235
1235
1235
1235
1235
1235
1235
1235
1235
1235
1235
1235
1223
1223
1223
156
157
1223
1223
1223
1223
1223
1223
1224
1224
1224
1225
1225
1225
1225
1225
1139
1139
158
165
1140
1140
1140
1140
1140
1143
1143
1143
1143
1143
1143
1143
1143
1144
164
156
154
162
165
154
166
155
1229
1229
1229
1229
1229
1229
1229
1229
1229
1229
1229
1229
1229
1229
1229
1229
158
1229
1229
1229
1229
1229
1229
1229
1229
1229
1229
1229
1230
1230
1230
1230
1230
165
159
1230
1230
1230
1230
1230
1230
1230
1230
1230
1230
1230
1230
1230
1232
1232
1232
164
160
1232
1232
1232
1232
1232
1232
1232
1232
1233
1233
1233
1233
1233
1233
1233
1233
154
158
156
1233
1233
1233
1233
1233
1233
1233
1233
1233
1233
1233
1233
1233
1233
1233
1233
163
174
1233
1233
1233
1233
1233
1233
1233
1233
1233
1233
1233
1233
1233
1233
1233
1233
166
156
1233
1233
1233
1233
1233
1233
1233
1233
1233
1233
1233
1233
1233
1233
1233
1233
167
168
1233
1233
1233
1233
1233
1233
1233
1233
1233
1233
1233
1233
1233
1233
1233
1233
156
157
1233
1233
1233
1233
1233
1233
1233
1233
1233
1233
1233
1233
1233
1233
1233
1233
164
165
1233
1233
1233
1233
1233
1234
158
170
177
176
170
166
167
171
157
160
168
170
168
171
170
170
160
172
167
175
169
168
157
155
164
1195
1195
1195
1196
1196
1196
1196
1196
1196
1196
1196
1196
1196
1196
1196
1196
168
162
1196
1196
1196
1205
1206
1206
1206
1206
1206
1206
1206
1206
1206
1206
1206
1206
171
163
1206
1206
1206
1206
1206
1206
1206
1206
1206
1229
1229
1229
1229
1230
1230
1230
165
162
182
1230
1230
1230
1230
1230
1230
1230
1230
1230
1230
1230
1230
1230
1230
1230
1230
168
171
1230
1230
1230
1230
1230
1182
1183
1183
1183
1183
1183
1183
1183
165
176
171
162
164
172
163
161
163
165
163
160
1190
1190
1190
1190
1190
1190
1190
1190
1191
1191
1191
1191
1191
1191
1191
1191
160
154
163
1191
1191
1191
1237
1237
1237
1237
1237
1237
1237
1237
1237
1237
1237
1237
1237
171
166
1237
1237
1237
1237
1237
1237
1238
1238
1219
1219
1219
1219
1220
1220
1220
1220
159
160
1220
1220
1220
1220
1220
1220
1220
1220
1038
1038
1038
1038
1038
167
163
161
167
162
1212
1212
1212
1212
1212
1212
1212
1212
1212
1212
1212
1212
1213
1213
157
890
890
890
159
163
158
160
168
174
168
173
155
1175
1175
1175
1176
1176
1176
1176
1176
1176
1176
1176
1176
1176
1176
156
1044
1044
1044
1045
1045
1163
159
169
1216
1217
162
173
1064
1065
1065
1065
1065
166
163
157
1051
1051
1051
155
161
1143
1143
1144
168
1099
1100
174
172
1221
1221
1222
173
164
162
1084
1084
1084
1084
161
1116
1116
1116
174
173
167
1233
1233
1233
1233
1234
1234
1234
1234
1234
1234
1234
1234
1234
1234
1234
1234
162
158
1234
1234
1234
1234
1234
1163
1163
1164
1164
1164
1164
1164
1243
1243
1244
650
156
479
156
159
160
1154
1154
1154
1155
1155
1155
1209
1199
1199
1200
163
168
1205
1205
1205
1205
1205
1206
1206
1206
1206
159
1223
1223
1223
1224
1224
1224
168
1098
1098
169
157
1146
1147
1147
1147
1147
1147
1147
163
167
167
1216
1216
1216
1217
1217
1217
1217
1217
1152
1153
1153
1153
1153
165
848
848
160
160
162
308
1041
1041
1043
1043
850
850
1086
162
938
938
939
156
157
1126
1126
1127
1127
164
164
1128
1128
1128
1128
1128
1128
1128
1129
1129
164
1063
1063
1063
1067
1067
1067
159
1116
1117
1117
1117
1117
1117
154
158
1060
1061
1061
161
157
1123
1124
1124
1063
1063
1063
1063
1063
163
1113
1113
1114
159
166
163
154
381
1250
1250
1250
1250
1250
1250
1250
1250
1250
1250
1250
1250
1250
1250
1250
1250
159
166
1250
1250
1250
1250
1250
1250
1250
1250
1250
1250
1250
1250
1250
1250
1250
1250
167
156
1250
1250
1250
1250
1250
1250
1250
1250
1250
1251
1251
1251
1251
1246
1246
1246
154
160
1246
1246
1246
1246
1246
1246
1246
1246
1246
1246
1246
1246
1246
1246
1246
1246
159
156
1246
1246
1246
1246
1246
1246
1246
1247
1247
1247
1247
1247
1247
1247
1247
1247
154
1247
1247
1247
1247
1247
1247
1247
1247
1247
1247
1247
1247
1247
1247
1247
1243
168
1243
1243
1243
1243
1243
1243
1243
1243
1243
1243
1243
1244
1244
1244
1244
1244
157
154
1244
1244
1244
1244
1244
1244
1244
1244
1244
1244
1244
1244
1244
1244
1244
1244
155
1244
1244
1244
1244
1244
1244
1244
1244
1244
1244
1244
1244
1244
1244
1244
1244
179
160
165
1244
1244
1244
1244
1244
1244
1244
1244
1244
1244
1244
1244
1244
1244
1244
1244
158
1244
1244
1244
1244
1244
1244
1244
1244
1244
1224
1224
1224
1224
1224
1224
1224
157
157
1224
1224
1224
1224
1225
1225
1225
1225
1225
1225
1225
1217
1217
1217
1217
1217
162
156
1217
1217
1217
1218
1218
1218
1218
1218
1218
1218
1218
1218
1218
1069
1070
1070
1070
157
1214
1214
1214
1214
1214
1214
1214
1214
1214
1214
1214
1214
1215
1215
164
164
165
176
173
170
160
161
1236
1236
1236
1236
1236
1236
1236
1237
1237
1237
1237
1237
1237
1237
1237
1237
168
168
1237
1237
1237
1237
1237
1223
1223
1223
1223
1223
1223
1224
1224
1224
933
934
168
169
1052
1052
1052
1052
169
983
984
984
984
167
176
181
1159
1160
1160
1160
1160
1160
1160
1160
1160
1160
174
162
1141
1141
1142
1142
1142
1142
1142
1142
1142
171
166
1083
1083
1083
1083
1083
1083
161
385
180
168
165
159
170
1242
1242
1242
1242
1243
1243
1243
1243
1243
1243
1243
1243
1243
1243
1243
1243
172
1188
1188
1188
1188
1188
1188
1188
1188
1188
1188
1189
160
163
173
1189
1189
1189
1189
1189
1189
1189
1190
1206
1206
1206
1206
1206
1206
1206
1207
1207
178
175
1247
1247
1247
1247
1247
1247
1247
1247
1247
1247
1247
1247
1247
1248
169
1061
1061
1062
168
1115
1115
1115
1115
1115
1115
1116
1116
166
381
170
1211
1211
1211
1211
1211
1211
1211
1211
1211
1211
1211
1211
1211
1211
1211
1211
156
166
1211
1211
1211
1212
1212
1212
1212
1196
1196
1196
1197
1197
1197
1197
1197
1197
164
168
1197
1197
1197
1197
1197
1197
1062
1063
1063
1063
1244
934
934
935
165
156
1203
1203
1203
1203
1203
1203
1203
1203
1203
1203
1203
1204
1204
1204
1204
1204
154
159
1144
1144
1144
1144
1144
1144
1145
1145
165
169
169
175
164
164
176
1185
1185
1185
1185
1185
1185
1186
1186
1186
1186
1186
1206
1206
1206
1206
1206
1206
1206
1206
1206
1207
1207
1207
156
161
1107
1108
1108
1108
1108
159
1237
1237
1237
1237
1237
1237
1237
1238
1197
1197
1197
1197
1197
1197
1197
1197
162
158
1203
1203
1203
1203
1203
1203
1203
1203
1204
965
966
966
966
156
1208
1208
1208
1208
1209
1209
155
1154
1154
1154
1154
1154
1154
1154
1154
1128
1129
157
162
1190
1190
1190
1190
1191
1191
1191
1191
1191
160
157
1045
1045
1046
1046
1046
155
1162
1162
167
1199
1199
1199
1199
1199
1200
1200
1200
1200
1200
170
156
1197
1198
1198
1198
1198
1198
1198
154
164
159
1214
1214
1214
1214
1214
1214
1214
1215
1215
1215
1215
1215
154
1245
1245
1245
1245
1245
1245
1245
1245
1245
1245
1245
1245
1245
1245
163
164
1071
1071
1071
1071
1071
157
162
1175
1175
1175
1176
1176
1176
1176
1176
1176
1176
1176
1176
1176
1176
164
1243
1244
156
1204
1204
1204
1204
1204
1204
1204
1204
1204
1204
1205
1205
1205
1205
157
1128
1128
1128
1128
1128
1128
1128
1516
1516
848
1175
1175
1176
1176
389
163
1032
1032
1032
1033
1078
1078
161
1031
1031
1031
1031
158
1187
1188
1188
157
950
950
160
1240
1241
159
167
882
882
883
156
176
167
1155
1155
1155
1155
1155
1155
1155
1155
1155
1155
1156
1173
1173
1174
157
157
1040
1040
1040
1040
1040
1012
1013
1013
166
1162
1162
1162
1162
1162
1163
155
159
1210
1076
1077
1077
154
1202
1202
1202
1202
1203
1203
1203
1203
154
1088
1088
1088
1194
1195
1195
1195
1195
161
159
577
1016
1016
1016
157
1049
1049
971
972
972
160
160
169
167
1232
1232
1232
1232
1232
1232
1233
1233
1233
1233
1233
1233
1233
1233
1233
1233
168
166
1233
1233
1233
1233
1233
1233
1233
1233
1233
1233
1233
1233
1233
1233
1233
1233
169
161
1233
1233
1233
1233
1233
1233
1233
1233
1233
1233
1233
1233
1233
1231
1231
1231
163
156
159
1231
1231
1231
1231
1231
1231
1231
1231
1231
1231
1231
1231
1231
1231
1231
1231
164
164
1231
1231
1231
1231
1231
1231
1231
1231
1231
1231
1231
1231
1231
1231
1232
1232
173
170
1232
1232
1232
1232
1232
1232
1232
1232
1232
1232
1232
1232
1232
1232
1232
1232
178
182
1232
1232
1232
1232
1232
1232
1249
1249
1249
1249
1249
1249
1249
1249
1249
1249
175
167
1249
1249
1249
1249
1249
1249
1249
1249
1249
1249
1249
1249
1249
1249
1249
1249
165
235
166
1249
1249
1249
1249
1249
1249
1249
1249
1249
1249
1249
1249
1249
1249
1249
1249
163
169
163
1249
1249
1249
1249
1249
1249
1249
1249
1249
1249
1249
1249
1249
1249
1249
1249
161
270
1249
1249
1250
1250
1250
1250
1250
1250
1250
1250
1250
1250
1250
1250
1250
1250
167
170
169
1250
1250
1202
1202
1202
1203
1203
1203
1203
1149
1149
1149
713
187
169
1177
1177
1177
1177
1177
1177
1177
1177
1177
161
157
157
853
854
156
164
163
1151
1152
1152
1152
1152
1152
1152
1152
1152
861
862
160
180
1022
1022
168
175
160
172
169
166
1237
1237
1237
1237
1237
1237
1237
1237
1237
1237
1237
1237
1237
1237
1237
1237
174
154
1237
1237
1237
1237
1237
1237
1237
1237
1237
1237
1237
1237
1237
1237
1237
1237
154
163
1237
1237
1237
1237
1237
1237
1237
1238
1229
1229
1229
1229
1229
1229
1229
1229
163
162
1229
1229
1229
1229
1229
1229
1229
1229
1230
1230
1230
1230
1230
1230
1230
1230
163
172
1230
1230
1230
1230
1230
1230
1202
1202
1202
1202
1202
1202
1202
1202
1203
1203
168
169
1203
1203
1203
1203
1203
1203
1233
1233
1234
1234
1234
1234
1234
1234
1234
1234
154
154
1234
1234
1234
1234
1234
158
168
184
163
164
161
162
1228
1228
1228
1228
1228
1228
1228
1228
1228
1228
1228
1228
1228
1228
1228
1228
161
175
1229
1229
1229
1240
1240
1240
1240
1240
1240
1240
1240
1240
1241
1241
1241
1241
171
169
168
1241
1241
1241
1241
1241
1241
1241
1241
1241
1241
1241
1241
1241
1241
1241
1241
161
163
1243
1243
1243
1243
1243
1243
1244
1244
1244
1244
1244
1244
1244
1244
1244
1244
167
1244
1244
1244
1244
1244
1244
1244
1244
1244
1244
1244
1244
1244
1244
1244
1244
162
157
171
1244
1244
1244
1244
1244
1244
1244
1244
1244
1244
156
1207
1207
1207
1207
1207
1207
1208
1208
1208
156
154
1206
1206
1206
1206
1206
1206
1206
1206
1206
1206
1207
1225
1225
1225
1225
1225
1225
1225
1225
1226
1226
1226
1226
158
167
1206
1206
1206
1206
1206
1206
1206
1206
1206
173
157
1233
1233
1233
1233
156
161
159
160
308
1152
1152
1152
1152
1152
1152
159
1152
1152
1152
1152
1100
1101
1101
1101
1101
1192
1192
1192
1192
1192
1193
1193
154
1061
1061
1062
1062
1062
155
1230
164
173
1156
1157
1157
1157
1157
176
1191
1192
181
1186
1186
1186
1186
1186
1187
1187
1187
173
157
1125
1125
1125
1125
1125
1125
1125
1125
1126
157
171
1192
1192
1192
1193
164
1176
1176
1177
171
912
913
171
1145
1145
1145
1145
1146
172
1213
1213
169
840
840
168
743
743
166
168
866
866
171
1066
1066
1066
1067
1067
175
1185
1185
1185
1185
1185
1186
1186
167
260
158
1199
1200
1200
1200
1200
1200
179
999
1000
926
926
160
161
1248
1249
1249
160
1195
1196
1196
154
156
1201
1202
1202
1202
1202
1202
1202
1202
1202
1202
1202
1202
1202
1202
1202
1202
1240
1240
1241
1241
1241
1241
1241
1241
1241
1241
155
1213
1213
1213
1213
1214
1214
974
1058
1059
1059
1059
1059
1059
365
163
1115
1115
1115
1115
1115
1115
1115
171
157
157
1184
1184
1184
1184
1184
1184
1185
794
795
1222
1222
1222
1222
1222
1222
1222
1222
172
160
1150
1150
1150
1150
1150
1150
1150
1150
1151
158
747
747
1158
1158
1158
1158
1158
1158
1159
1159
164
155
1236
1236
1236
1236
1236
1237
1237
1050
155
1139
1139
1139
1139
1139
1139
163
998
998
991
992
158
902
902
902
154
956
956
167
1236
1237
317
155
1047
1047
1048
1048
1048
1219
1220
1220
156
1121
1121
1121
1121
1122
1122
173
808
809
783
163
1068
1069
1069
1069
1069
1069
1137
1137
1137
1137
1137
154
162
157
155
155
164
171
157
159
155
158
155
154
1231
1231
1231
1231
1231
1231
1231
1231
1231
1231
1231
1231
1231
1231
1231
1231
154
164
1231
1231
1231
1231
1231
1231
1231
1231
1231
1231
1231
1231
1231
1231
1231
1231
1232
1232
1232
1232
1232
1232
1232
1232
1232
1232
1232
1232
1232
1232
1232
156
1244
1244
1244
1244
1244
1244
1244
161
167
1244
1244
1244
1244
1244
1244
1244
1244
1244
1244
1244
1244
1244
1244
1244
164
381
155
1244
1244
1244
1244
1244
1244
1244
1244
1244
1244
1244
1244
1244
1244
1244
161
1244
1244
1245
1245
1245
1245
1245
1245
1245
1245
1245
1245
1245
1245
1245
163
1245
1245
1245
1245
1245
1245
1245
1245
1245
1245
1245
1245
1087
1087
1087
1087
176
173
1087
1027
1027
1028
1028
1028
1057
1057
1057
1058
1058
1058
184
1173
1173
1173
1173
1173
1173
1174
171
167
1244
1244
1244
1244
1244
1244
182
168
1160
1160
1160
1161
1161
160
160
1129
1130
1130
1130
157
157
1209
1209
1210
1210
1210
1145
1145
1146
1146
155
1205
1205
1206
1206
1206
1206
156
162
1133
1134
1134
1134
1134
168
1036
1036
1036
1036
168
159
1200
1201
1201
1201
1201
174
1151
1151
1151
1152
1152
164
1138
1138
1138
1138
1138
1139
1139
157
162
982
983
983
983
172
1169
1169
1170
1170
1170
168
1019
1019
1019
1019
173
1222
1222
1222
1222
1222
1222
1222
1223
164
165
166
1183
1183
1183
1184
1184
170
1168
1169
1169
1169
174
1044
1045
183
1186
1186
1186
180
1183
1183
1183
1183
1184
308
425
174
1088
1088
1088
1089
1089
1089
170
174
171
1218
1218
1218
1218
161
1195
1195
1195
1195
1195
1195
1195
1195
1195
166
469
737
747
737
158
154
170
651
600
416
345
174
1156
1157
1157
1157
1157
1157
1157
171
161
168
1143
1144
1144
1144
1144
1144
825
154
164
1209
1209
1209
1209
1209
163
164
167
1230
1230
1230
1230
1230
1230
1231
1231
174
1015
1016
1016
1001
1002
1002
1002
167
166
1025
1026
1026
1026
160
160
1176
1176
1176
1176
1176
1176
1176
1176
1176
1176
1176
157
161
1193
1193
1194
1194
1194
173
1120
1121
1121
1121
1121
162
1151
1152
1152
1152
1152
1152
1152
1152
156
1093
1093
1094
1094
1094
1094
158
1207
1207
1207
1207
159
158
245
1184
1184
1185
1185
1185
1185
1185
1185
439
166
272
157
696
158
894
894
894
1004
1004
1005
1005
1016
970
157
349
992
992
993
160
467
524
893
894
163
1141
1141
1141
1141
1141
1142
156
837
1207
1207
1207
1207
1207
1207
1207
1207
1207
1207
1207
1208
1208
1208
164
1130
1130
1130
1130
1130
1131
258
163
477
165
445
166
339
182
1249
1250
177
181
1074
1074
1074
1074
174
1028
165
1189
1189
1189
1189
1189
1189
1189
1189
1189
469
259
168
1212
1212
1212
1212
1213
1213
174
163
1195
1196
1196
1196
1196
1196
1196
1196
1196
1196
1196
166
305
193
482
561
170
1145
1145
161
469
535
165
260
176
866
1038
1215
1215
1215
1215
1216
1216
1216
1216
1216
171
166
1190
1190
1190
1190
1190
1190
1191
173
175
1239
1240
1240
1240
172
248
471
537
168
172
1223
1223
1223
1224
165
1181
1181
1181
1181
1181
1181
1182
1182
160
166
250
175
1181
1181
1181
1181
1181
1181
1181
1181
1181
1182
1182
1182
174
855
856
171
471
537
166
156
163
471
539
263
170
1248
1248
1249
1249
1249
1249
1249
1249
171
160
1075
1076
1076
1076
162
1221
1222
1222
1222
1222
162
174
320
1180
1181
1181
1181
1181
1181
1181
1181
169
171
1151
1151
1151
1151
1151
263
169
177
1207
1207
1207
1208
1208
474
173
1217
1217
1217
1217
1217
1218
163
171
163
473
342
264
166
1119
1119
1119
1119
1119
168
158
1192
1192
1192
1192
1192
1192
1192
1192
1192
1192
1192
1193
1193
1193
164
166
155
167
357
158
273
155
170
158
1319
167
166
476
352
161
1247
1247
1247
1247
1247
1247
1247
1247
1247
1247
1247
1247
1247
1247
1247
163
170
1247
1247
1247
1247
1247
1247
1247
1247
1247
1247
1247
1247
1247
1247
1247
154
162
161
1247
1247
1247
1247
1248
1248
1248
1248
1220
1220
1220
1220
1220
1220
1220
1221
175
159
1221
1221
1221
1221
1221
1221
1221
1221
1221
1221
1221
1221
1221
1221
1221
1221
169
167
1221
1221
1221
1221
1221
1221
1221
1221
1221
1221
1221
1221
1221
1221
1244
1244
166
165
1244
1244
1244
1244
1244
1244
1244
1244
1244
1244
1244
1244
1244
1244
1244
161
169
1244
1244
1244
1244
1244
1244
1244
1244
1244
1244
1244
1244
1244
1244
1244
164
176
1244
1244
1244
1244
1244
1244
1244
1244
1244
1244
1244
1244
1244
1244
1244
166
159
1244
1244
1244
1244
1244
1244
1244
1244
1244
1244
1244
1244
1244
1244
1244
155
154
1244
1244
1244
1244
1244
1244
1244
1244
1244
1244
1245
1245
1245
1245
1245
308
1245
1245
1245
1245
1245
1245
1245
1245
1245
1245
1245
1245
1245
1245
1245
159
156
1245
1245
1245
1245
1245
1245
1245
1245
1245
1245
1245
1245
1245
1245
1245
154
166
195
160
1245
1245
1245
1245
1245
1245
1211
1211
1211
1211
1211
160
179
162
1215
1216
1216
1216
1216
164
416
345
156
166
157
1200
1200
1201
157
155
1122
1122
1123
154
585
158
1269
155
381
155
1205
1205
1205
1205
1205
1206
1206
1206
1206
1206
1206
1206
1206
1206
1206
545
177
1468
2868
155
160
1204
1204
1204
1204
1204
1204
1204
1204
1204
1204
1204
1205
1205
1205
158
158
499
155
156
1468
166
160
160
1130
1130
1130
1130
1131
1131
1228
1228
1228
1229
155
159
1087
1088
1088
1088
154
159
158
154
159
993
994
994
994
154
156
154
381
1192
1192
1192
1193
1193
1193
155
156
1168
1169
1398
167
155
166
154
1159
1244
1244
154
159
1468
774
1016
179
1137
1137
1137
155
1137
1137
1137
155
157
1066
319
1133
1133
1133
1134
1134
1134
1134
1134
1134
165
166
158
1468
462
175
157
1132
1132
1132
1132
1132
171
154
1209
1209
1209
1210
1210
1210
1210
168
160
165
163
1203
1203
1203
1204
1204
1204
281
163
351
168
155
176
161
1115
1115
178
1115
1115
1115
1115
1116
1116
157
170
157
1140
1140
1140
1141
1141
1141
1071
1468
161
1468
1442
2868
1085
1086
1086
1086
1086
1086
1086
154
2868
1468
1468
1468
1468
1468
2868
1468
1468
1468
1468
1468
1468
1468
1468
2868
1468
1883
168
165
1163
1163
1163
1164
166
1468
1468
1468
166
1468
1468
606
1468
1468
1044
1045
1045
1045
282
1468
1468
2868
1468
165
173
172
1082
1083
1083
1083
1083
1083
173
1468
161
1112
1113
1113
1113
1113
166
369
164
158
1237
1238
1238
1238
154
158
981
981
981
982
167
165
154
156
164
173
351
1146
1147
1147
1147
1147
168
158
157
165
158
155
1468
920
161
154
404
175
164
1147
1147
1147
1147
1147
157
154
154
1258
1468
1143
1144
1144
1144
1144
1144
1144
354
1516
1516
1283
920
154
389
162
1170
1170
1170
1171
1171
154
155
166
160
194
1468
164
1468
1134
1134
1134
1134
1135
2868
1468
1468
154
1468
1468
1468
1468
1468
1203
1203
1203
1203
1204
1204
157
1468
1468
164
1468
1468
1117
1117
1117
1117
1117
1117
1118
1118
165
154
1468
1468
1468
1468
2868
2868
164
154
1468
2868
1468
1468
1468
1234
1234
156
1234
1235
1468
1235
1235
1235
1235
1235
1235
1235
2868
2868
1468
1468
156
2868
2868
1468
1468
1149
1149
1149
1149
1149
1149
1149
1150
1150
157
154
157
1468
158
1468
1468
163
1468
1468
1468
1468
1468
157
1468
154
1468
1468
167
157
1124
1124
1125
1125
1125
1125
1468
1468
166
1468
1468
2868
1468
1468
166
2868
1060
1060
1060
1060
1061
1061
1468
167
1468
154
1468
1468
1468
1468
1468
164
1111
1111
1111
1111
1111
1112
1112
1112
161
1468
1468
1468
1070
1070
1071
1071
1071
1071
1468
154
2868
154
1468
1468
1468
154
1468
1468
1468
2868
1468
1468
157
1468
1468
1468
1468
1468
158
1468
1468
163
1468
1468
1468
1468
1468
272
1468
1468
154
1468
1468
1468
1468
1468
1468
1468
1468
1468
1468
1468
1468
1468
1268
1468
1468
1468
1468
1468
2868
1468
1468
1468
1468
1227
1227
1227
1227
1227
1227
1227
1227
1227
1227
1227
1227
1227
1227
1227
1468
1468
1468
161
387
173
1468
1468
1468
1468
1468
154
1227
1227
1227
1227
1227
1227
1227
1227
1227
1227
1227
1228
1228
1228
1228
1468
1468
1468
1228
1228
1228
1228
1228
1228
1228
1228
1228
1228
1228
1228
1228
1228
1228
855
1468
1468
1468
1468
1468
1468
1228
1230
1230
1230
1230
1230
1230
1230
1230
1230
1230
1230
1230
1230
1230
1230
2868
155
1468
1468
1468
454
166
1468
275
1468
1468
1468
1230
1230
1230
1230
1230
1230
1230
1230
1230
1230
1230
1230
1230
1230
1230
1468
1468
1468
1468
1468
1468
1468
1468
1468
1230
1230
1230
1231
1231
1231
1231
1231
1231
1231
1231
1231
1231
1231
2868
160
1046
1468
1468
1468
1468
2868
1468
1468
384
564
348
1468
1468
1468
2868
1249
1249
1249
1249
1249
1249
1249
1249
1249
1249
1249
1249
1249
1249
1249
1468
2868
1468
1468
1468
1468
1249
1249
1249
1249
1249
1249
1249
1249
1249
1249
1249
1249
1249
1249
1249
1468
158
1468
1468
835
1468
2868
1468
1249
1249
1249
1249
1249
1249
1249
1249
1249
1249
1249
1249
1249
1249
1249
158
1468
1468
1468
157
2868
1468
1468
1468
1468
1468
2868
154
1249
1249
1249
1249
1249
1249
1249
1249
1249
1249
1249
1249
1249
1249
1249
1468
444
2868
166
689
1468
154
1249
1249
1249
1249
1249
1249
1249
1249
1249
1249
1249
1249
1249
1249
1249
163
1468
1468
1468
1468
1468
1468
155
160
1468
1468
1468
1249
1249
1249
1249
1249
1249
1249
1249
1249
1249
1249
1249
1249
1249
1249
2868
1026
1468
1468
1468
640
1468
2868
2868
2868
1468
1468
1468
2868
1468
2868
1249
1249
1249
1249
1249
1249
1249
1249
1249
1249
1249
1249
1249
1249
1249
2868
1468
1468
161
1468
2868
1468
1468
1468
1468
1249
1249
1249
1249
1250
1216
1216
1216
1216
1217
1217
1088
1088
1088
1089
2868
1468
1468
1468
2868
2868
2868
953
2868
1468
1468
155
1468
1468
1468
1468
1089
1085
1468
2868
2868
1468
1468
1468
1468
1468
1468
1468
1468
1468
1468
166
1492
1468
1468
165
1468
1468
1468
176
1468
171
1468
1468
2844
634
158
160
768
768
162
166
160
1106
1107
1107
1107
160
177
440
495
161
173
174
1021
1021
1021
1021
172
178
1060
1060
1060
1061
169
1069
1070
1070
1070
174
767
1468
1468
2868
1468
1468
2868
1468
166
1468
1132
166
161
156
1213
1213
1213
1213
1214
1214
164
1468
158
1191
1191
1192
1192
1192
1192
159
281
172
351
163
169
1082
1083
1083
1083
167
271
160
155
160
1227
1227
1228
1228
1228
1228
1228
1228
1228
163
155
1234
1234
1234
1234
1234
1234
1235
1468
308
1468
1136
164
162
1468
423
1194
1194
1195
1195
1195
1195
1195
1195
1195
1195
1195
1195
1195
1195
1195
768
710
155
172
1468
1468
1468
159
1195
1195
871
872
158
1185
1185
1185
1185
1186
1186
1468
1468
155
1468
1154
1154
1155
1468
1155
1155
1155
1155
1155
154
2868
866
867
168
1468
160
1014
1014
1015
1468
1468
1468
2868
156
1468
1468
1468
1041
1042
1468
1468
154
2868
1468
1086
1086
1468
1468
1468
171
1053
1053
1054
2868
1468
1468
162
156
1199
1199
1199
1199
1199
1199
1468
1468
1468
154
1468
2868
1468
1468
1468
1243
1244
1244
1244
1468
1468
156
1468
1468
1468
1468
1468
1232
1232
1232
1232
1232
1232
1233
1233
1233
155
1468
1468
158
1468
1468
1073
1074
1074
1074
1074
1074
1468
1468
157
1468
722
157
1468
1468
2868
154
1140
1140
1140
1140
1140
1468
1468
163
1468
1468
160
1180
1180
1180
1180
1180
1180
2868
1468
1468
157
2868
154
1125
1125
1125
1125
1126
1126
1126
154
2868
1468
1468
158
2868
1468
1468
155
1071
1071
1071
1072
1072
1072
1468
1468
160
1468
1468
160
156
1468
166
1468
1468
1468
163
1468
157
1468
1468
164
308
1178
1468
1468
1179
1179
1179
1179
1181
154
1468
1468
2868
154
1468
1468
155
1468
168
842
843
1468
168
1468
1468
1468
1468
1468
1127
1127
1127
1127
1127
1127
1128
1468
156
1468
2868
1468
1468
157
714
715
155
159
1468
1190
1190
1190
1190
1190
1190
1191
1191
162
1468
1468
1468
1468
1468
1468
1232
1232
1232
1232
1233
1233
1468
1468
159
1468
1168
1168
1169
1169
1169
1169
1169
1169
1169
1169
168
1468
1468
161
1468
157
2868
162
156
2868
1468
155
1468
1468
1468
1468
1195
1195
1195
1195
1195
1195
1195
1195
1196
1196
1196
1196
1196
154
541
160
155
154
158
171
384
1234
1234
1234
1234
1234
1234
1234
1234
1234
1234
1234
1234
1234
1235
1235
162
1235
1235
1235
1248
1248
1248
1248
1248
1248
1248
1248
1248
1248
1248
1248
1248
1248
1248
169
167
154
176
1248
1248
1248
1248
1248
1248
1248
1248
1248
1248
1248
1248
1248
1248
1248
162
167
164
1269
164
156
1248
1248
1248
1248
1248
1249
1249
1249
1249
1249
1249
1249
1249
1249
1249
160
161
162
1249
1164
1164
1164
1165
1165
1165
1165
1165
1017
1017
1018
1018
179
163
281
164
166
585
351
1032
1032
180
178
170
154
1222
158
1053
1053
1054
1054
155
976
977
166
610
168
167
155
160
1185
1185
168
160
162
163
160
165
1229
1229
1230
1230
164
585
155
162
1516
1193
3587
406
161
1193
1194
1194
1194
155
157
171
1219
1219
1220
1220
1220
1220
1220
164
158
156
1236
1236
1236
1237
1237
1237
1237
1237
1237
1237
1237
154
155
155
1201
1201
1201
1202
1202
1202
1202
1202
1202
1202
1202
159
163
1229
1229
1229
1229
1229
1229
1229
1229
170
163
1173
1173
1173
1173
1173
1173
1173
1173
1173
1173
1173
1173
1173
1173
181
2964
2139
406
167
194
173
381
683
181
164
194
1235
1235
1235
1235
1236
1236
1236
1236
1236
1236
1236
1236
1236
1236
1236
165
164
1117
1117
1117
1117
1117
165
1073
1073
1073
1073
1073
165
157
154
1174
1174
1174
1174
1175
1175
1175
1175
1175
1175
156
159
844
845
154
157
166
155
749
750
155
155
160
155
161
188
188
440
1007
1190
1190
1191
188
162
157
172
164
172
1248
1249
1249
1249
1249
1249
1249
1249
1468
164
1468
1468
166
857
1468
399
168
173
173
1468
170
168
741
170
171
154
1247
1247
1247
1247
1247
1247
1247
1247
1247
1247
1247
1247
1248
1248
1248
168
154
155
159
159
160
154
159
156
1147
1147
1148
1148
1148
1148
1148
1148
1148
1148
157
156
165
158
1157
1157
1157
1157
1158
1158
1158
1158
156
963
1193
1193
1193
1193
1193
1193
1193
1193
1193
1193
1193
1193
1194
1194
1194
156
154
155
870
870
157
173
751
156
156
1268
154
154
156
160
967
968
968
968
168
157
894
894
894
163
158
164
1038
1039
1039
159
155
996
996
997
160
156
441
165
1468
626
345
166
156
160
1161
1161
1161
1162
1162
1162
1162
159
843
154
156
1127
1468
1468
1468
1468
2868
156
1172
2868
1172
1172
1172
1172
1172
1173
1173
1173
1173
1173
1173
2868
2868
536
156
448
166
156
1124
1124
1124
1124
1124
1125
1125
1125
158
1136
1136
1136
1137
1137
1137
1468
1468
1034
304
154
156
1183
1183
1183
1184
1184
1184
1184
1184
1184
155
156
1124
1124
1468
840
156
1240
1240
1241
1241
161
155
155
156
165
309
155
157
159
155
159
158
1245
1245
1245
1245
1245
1245
1245
1246
1246
1246
1246
1246
160
167
159
1236
1236
1236
1236
1236
1236
1236
1236
1236
1236
1237
1237
1237
1237
1237
158
158
979
157
165
1235
1235
1235
1235
1235
1235
1235
1235
1235
1235
1235
1235
1235
1235
1235
169
164
1235
1235
1235
1235
1235
1235
1235
1235
1235
1235
1235
1235
1235
1235
1235
159
157
163
1235
1235
1235
1235
1235
1235
1235
1235
1235
1235
1235
1235
1235
1235
1235
1468
1468
271
170
155
162
155
1235
1235
1235
1235
1236
1236
1236
1236
1236
1236
1236
1236
1236
753
754
799
157
156
162
800
1023
1023
1234
1234
1235
1235
158
160
170
947
192
240
169
165
1059
1060
1060
1060
1060
159
962
962
154
155
160
176
1215
1215
1216
167
177
163
169
169
161
1107
1107
1108
1108
1108
162
166
1203
1204
1204
1204
169
169
158
693
693
155
1035
1036
166
160
162
908
155
158
160
156
1136
1137
1137
1137
1137
1161
1162
1162
155
767
154
170
975
165
982
982
982
982
169
712
281
159
746
158
351
157
1061
1061
161
166
1209
1210
1210
163
1231
1231
1231
1231
1231
158
160
166
156
162
158
167
1007
1007
1007
1007
170
518
157
174
1249
1250
1250
1250
1250
164
1200
1201
1201
1201
1201
1201
1201
164
401
383
161
167
174
381
165
162
827
827
155
155
162
169
1188
154
162
155
1040
1041
1041
1041
1041
159
1046
1046
1046
1046
154
163
798
277
167
175
170
163
1167
1167
1167
1167
1167
154
1180
1180
163
175
1238
1239
1239
1239
1239
1239
1239
1239
1239
1239
1239
164
159
1140
1140
1140
1140
1140
1140
1140
1140
1140
1141
154
160
1209
1209
1209
1210
1210
1210
1210
1210
169
1056
1056
1057
1057
1057
648
154
182
164
308
1206
1206
155
1206
1206
162
1206
1206
154
1207
1206
1206
1206
1206
1206
1207
159
990
990
990
990
871
161
157
162
1226
1226
1226
1226
1226
1227
1227
1227
164
158
156
1197
1197
1197
1197
1197
1198
1198
1198
1198
160
155
155
1232
1232
1232
1232
1232
1232
1232
1232
1233
1233
852
778
467
160
160
381
1196
1196
154
959
285
158
157
169
165
170
154
172
959
173
168
172
155
1246
1246
178
1229
173
173
171
167
164
161
160
157
1076
1076
1077
332
168
161
155
158
156
888
161
1074
1074
1074
156
166
1065
167
381
198
172
154
165
170
170
1200
1200
1200
1114
1115
154
168
964
965
965
167
894
895
156
1042
1042
1042
1043
1043
679
157
787
157
158
1244
1244
1244
1244
1245
1245
166
154
161
1126
1126
1126
1126
1126
1127
1127
522
169
168
154
407
154
155
1241
1242
1242
159
1007
1007
1008
158
228
157
161
157
971
972
972
972
377
157
161
391
1153
1153
1154
157
1075
1075
1075
375
156
155
1204
1204
1204
1204
1204
1204
1204
1204
1204
1204
1204
1204
1205
156
632
156
159
369
1216
1216
1217
1217
1217
1217
1217
1217
1217
1217
1217
1217
1217
158
164
1240
1240
1240
1240
1240
1240
1240
1240
1240
1240
1240
1240
1240
1240
1240
1240
1240
1240
1240
1240
1240
1240
1240
1240
1240
1240
1240
1240
1240
1240
161
160
1240
1240
1240
1240
1240
1240
1240
1240
1240
1240
1240
1240
1240
1240
1240
1240
1240
1240
1240
1240
1240
1240
1240
1249
1249
1249
1249
1249
1249
1249
162
156
1249
1249
1249
1249
1249
1249
1249
1249
1249
1249
1249
1249
1249
1249
1249
1249
1249
1249
1249
1249
1249
1249
1249
1249
1249
1249
1249
1249
1249
1249
1249
1249
1249
1249
1249
1249
1249
1249
1249
1249
1249
1249
1249
1249
1249
160
1516
1516
1516
343
389
1249
1249
1249
1249
1249
1249
1249
1249
1249
1249
1249
1249
1249
1249
1250
161
156
1250
1250
1066
1066
1067
594
968
968
969
725
725
1151
1151
1151
1151
1151
1151
1151
161
160
1214
1215
1215
913
913
1059
1060
1118
1118
1118
673
674
1026
1027
928
1213
162
716
717
681
682
894
894
895
961
962
160
899
900
900
156
719
720
1104
1104
159
1154
1154
161
683
684
165
718
160
168
175
1046
1046
1047
1047
1037
1037
173
169
681
692
172
678
166
169
950
894
894
894
165
687
158
743
173
166
942
942
1070
1070
1071
158
161
156
156
214
156
154
999
1000
1000
163
247
170
424
166
161
804
804
1131
1131
1132
160
401
187
1468
667
161
154
167
174
166
169
1138
1138
1138
179
328
164
163
434
169
161
164
1247
1247
1247
1247
1248
1248
1248
754
236
169
161
1090
1090
1091
1091
1091
163
281
351
157
1206
160
169
271
166
157
1174
1174
1174
1174
1174
1174
1175
1175
1175
1175
1175
1175
1175
1175
161
167
164
167
178
1240
1240
1240
1240
1240
1240
1240
1240
1240
1240
1240
1241
1241
1241
1241
170
165
1241
1241
1241
1241
1241
1241
1241
1241
1241
1241
1241
1241
1241
179
171
169
166
1222
1222
1222
1222
1222
1222
1222
1222
1222
1222
1222
1222
1222
1222
1222
171
178
1222
1222
1222
1222
1222
1222
1222
1222
1222
1222
1222
1222
1222
1222
167
172
171
169
166
1219
1219
1220
1220
1220
163
155
167
1246
1246
1246
1246
1246
1246
1246
1246
1247
1247
167
164
1163
1163
1163
1163
1163
1164
1164
1164
1164
1164
1164
1164
171
167
906
906
906
709
709
160
155
162
1184
1184
1184
1184
1185
1185
1185
1185
1185
1185
1185
1185
167
164
1214
1214
1214
1214
1214
1214
1215
1215
1215
1215
1215
1215
1215
1215
1215
157
1192
156
165
1226
1227
1227
1227
175
170
171
173
1218
1218
1218
1218
1219
1219
1219
1219
172
160
172
171
162
164
1151
1151
1152
1152
1152
1152
1152
1152
1152
1152
169
162
155
167
1124
1124
1125
1125
1125
1125
1125
1125
1125
162
165
161
160
156
1107
1108
1108
1108
1108
1108
166
157
1165
1166
1166
1166
1166
1166
1166
1166
157
166
1229
1230
160
154
155
1140
1140
1140
1140
1140
1140
1140
1140
1140
158
1091
1091
1091
1091
1091
1091
1092
154
174
169
1144
1145
1145
1145
159
162
1269
166
177
1089
1089
1090
1090
1090
1090
1090
174
159
1068
1068
1068
1068
166
853
853
1120
1120
1120
1121
166
154
164
157
1171
1171
1171
1171
1171
1171
1171
1171
1171
1171
1171
1172
1172
158
158
1193
1193
1193
1193
1193
1193
1193
1193
1193
1193
1193
1193
1193
1194
163
155
169
159
1232
1232
1232
1232
1232
1232
1232
1232
1232
1232
1232
1232
1232
1232
1232
170
157
174
154
172
1233
1233
1233
1233
1233
1233
1090
1090
1091
158
154
170
170
1207
1207
168
1121
1122
1122
165
161
159
154
1172
1173
1173
1173
1173
157
155
156
160
172
1190
1190
1191
154
156
168
155
992
992
992
993
159
163
154
160
158
169
1231
1231
1232
1232
166
281
164
1150
1151
1151
1151
351
162
167
1199
1199
1199
1199
170
174
1167
1167
1168
1168
1168
1168
168
1115
1115
1116
1116
1116
1116
1116
1116
158
308
1217
1218
164
1218
1218
1218
1220
910
163
154
160
1194
1194
1194
1195
166
156
1148
1148
1148
1149
1122
1123
1123
1123
1123
1123
158
161
171
1063
1063
1063
169
1095
1095
1095
1095
1096
160
1046
1046
1046
1046
1047
160
158
1110
1110
1111
1111
1111
1111
165
1174
1174
1175
162
157
1076
1076
1076
1076
1076
1076
161
155
1118
1118
1118
1118
1118
1119
1119
1119
161
982
982
982
983
154
156
902
903
903
1208
1208
1209
1204
1205
1205
1205
1205
1205
159
1000
1001
161
1130
1130
1130
1130
1130
165
1220
1220
1220
162
161
160
160
1029
1030
1030
158
156
159
1053
1053
1054
160
158
1057
1057
1058
156
155
155
1082
1082
1082
1148
1149
155
1143
1143
1144
1144
159
1165
1165
157
919
919
920
154
1145
1145
1145
1268
162
1144
1144
1144
155
155
1071
1071
1071
156
158
1201
1201
1249
1249
171
1223
1224
1224
1224
1224
165
877
877
878
164
1086
1086
1087
175
175
1192
1192
1192
173
1143
1143
1143
1144
169
890
891
891
159
1021
1021
173
170
1064
1064
1064
1064
163
1231
1232
182
1016
168
162
1181
1181
1181
1182
1182
1182
156
664
167
871
165
166
1111
1111
1087
1087
1087
1088
409
168
438
161
457
165
169
172
974
975
975
174
435
171
393
164
156
1173
178
1095
1095
1096
174
257
172
358
182
283
170
160
163
1135
1135
1136
1136
1136
1136
1136
399
165
365
162
162
1177
1177
1178
158
1026
1027
1027
1027
157
396
333
169
169
1012
1012
1012
1013
169
241
233
162
1102
1102
1103
1103
165
169
156
170
158
1082
1082
1082
1082
1082
1083
253
159
262
160
156
169
154
962
963
165
156
156
1083
1083
1084
156
1186
1187
894
894
895
162
164
158
621
154
156
1034
1035
1035
1168
1168
1168
161
158
514
1235
1235
1235
1235
1235
1235
1236
1236
1236
1236
1236
1236
1236
1236
154
159
1236
1236
1236
1236
1236
1236
1236
1229
1229
1229
1229
1229
1229
1229
1229
1230
1230
1230
1230
168
161
1230
1230
1230
1230
1230
1230
1230
1230
1230
1230
1230
1161
1161
1161
155
157
1162
1162
1162
1162
1162
987
987
987
987
1043
1044
1044
1044
157
160
1212
1213
1213
1213
162
1081
1081
1082
1082
1082
161
1172
1172
1172
1172
158
158
154
167
166
160
1225
1225
1225
1226
1226
1226
155
1170
1170
1171
1171
1171
154
156
1022
1022
1022
1022
1023
158
159
160
1194
1194
1194
1194
1194
156
158
160
163
1118
1118
1119
1119
1119
154
154
170
1187
1187
1187
1187
171
1171
1172
1172
1172
154
1141
1141
1141
1142
1142
1142
160
1006
1006
1007
1007
1003
1003
1003
1004
156
1242
1242
1242
1242
1242
155
1227
1227
1227
1227
159
156
1238
1239
1239
160
1212
1212
1212
1212
1152
1152
1152
1153
1153
1153
154
1125
1126
1126
1126
1126
157
1162
1162
160
156
1090
1090
1090
1090
1090
1091
163
1140
1140
1140
1141
1141
1141
1141
163
303
1113
1113
1113
1114
1114
1114
1089
1090
1090
1090
1090
161
1040
1041
156
1047
1048
161
154
1248
1249
1249
1249
1249
158
1242
1242
1243
1243
156
1240
1241
1241
1241
1241
1241
1241
1241
155
763
764
162
1249
1249
1250
1250
1250
1250
157
1059
1059
1059
1059
1059
1060
160
1018
1018
1019
1019
163
1139
1139
1139
1140
163
1157
1157
1157
1157
1157
155
1144
1145
1145
1145
1145
1145
1145
155
1104
1105
1105
1105
1105
1105
155
1042
1042
1042
1042
1043
162
1157
1158
1158
1158
1158
1158
161
166
1247
1247
1247
1247
1247
1247
1247
1247
1247
1247
1248
1248
1248
1248
165
1216
1216
1217
1217
1217
1217
1217
1217
1217
1217
1217
164
164
159
1040
1040
161
157
1240
1240
1240
1240
1240
1240
1240
1240
1240
1240
1240
1240
1240
1240
154
157
1241
1241
1241
1241
1241
1241
1241
1241
1241
1241
1241
1241
1241
1099
1099
1099
169
1099
1099
1099
1099
1163
1163
1163
1163
1163
1224
1224
1224
1224
1224
1224
1224
1224
167
156
1224
1224
1224
1224
1225
1225
1225
1174
1174
1174
1174
1174
1174
1174
155
160
162
1174
1175
1175
1175
1227
1227
1227
1227
1227
1228
1228
1066
1067
167
1108
1109
1109
1109
1109
1218
1218
1218
1218
1218
1219
1219
157
160
160
1221
1221
1221
1221
1221
1221
1221
1221
1221
1221
1221
1221
1221
1221
158
1221
1221
1221
1221
1221
1221
1221
1221
1221
1221
1222
1222
1222
1222
159
157
1085
1085
1086
1086
1086
1086
959
959
1120
1120
1121
1121
164
1198
1198
1198
1198
1199
1199
1199
1199
154
154
1199
1199
1135
1135
1135
1135
1135
1135
1135
1135
1135
1136
1187
1187
1187
1187
1187
155
158
1187
1187
1187
1132
1133
1245
174
1162
1162
1162
1162
1162
1163
1163
1163
1163
1163
1163
1234
1234
1235
162
155
1163
1163
1163
1163
1164
1164
1164
1164
1164
1164
1164
158
1108
1108
1108
1108
1108
1109
1109
1109
165
169
1235
1235
1235
158
1231
1231
1231
1231
1231
1231
1231
1231
1231
1231
1231
1150
1150
1150
1150
1150
1150
1150
1151
161
160
1151
1130
1131
1131
1161
1161
1161
1161
1161
1161
1161
1162
1162
308
1207
1207
171
1207
1207
1207
1208
159
1184
1184
1184
1184
1184
1185
1185
154
154
1071
1072
1072
1072
1072
157
972
973
167
1204
1204
1204
1204
1204
1204
1204
1204
1204
1204
1204
1204
1204
1205
1205
1205
154
163
1205
1205
1205
1205
1205
931
1237
1237
1237
1238
1238
1238
1238
1238
1241
1241
1241
1241
1241
1241
1241
165
1241
1241
1241
1241
1241
1241
1242
1242
1242
1242
1242
1144
1144
1144
1144
1144
381
1150
1150
1151
1151
1151
1151
1151
1159
1159
1159
1159
1159
1159
1159
158
1151
1151
1151
1152
1152
1152
1152
1152
160
162
1063
1064
1064
1064
1064
1166
1167
1167
1167
161
179
156
154
1246
1246
1246
1246
1246
1246
1246
1246
1246
1246
1246
1246
1246
1246
1246
156
163
1246
1246
1246
1246
1246
1246
1246
1246
1246
1246
1247
1247
1247
1247
1247
161
160
1247
1247
1247
1247
1247
1247
1236
1236
1236
1236
1236
1236
1236
1237
1237
162
157
1237
1237
1237
1237
1237
1237
1237
1237
1237
1237
1237
1237
1237
1237
1237
1237
1237
1237
1237
1237
1237
1237
1237
1237
1237
1237
1237
1237
1237
1237
1237
1249
157
1249
1249
1250
1250
1250
1250
1250
1250
1250
1250
1250
1250
1250
1250
1250
154
381
158
1250
1250
1250
1250
1250
1250
1250
1250
1250
1250
1250
1250
1250
1250
1250
166
170
1250
1250
1250
1250
1250
1250
1250
1250
1250
1250
1250
1250
1250
1250
1250
162
1250
1250
1122
1123
1123
1123
1155
1155
1155
1155
1155
1155
1156
1156
1156
1043
1043
157
1043
1022
1022
1022
1022
1022
1130
1130
1130
1130
1130
1131
1131
1131
1131
1146
1147
1147
161
161
1147
1147
1180
1181
1181
979
979
979
623
159
1065
1066
1066
154
155
156
1049
1049
1050
155
1222
1222
1222
1223
1223
1223
1223
1223
1223
158
1191
1191
1191
1191
1191
1191
1191
1191
1191
1191
1191
1191
1191
1191
1191
1191
163
1245
1245
1245
1246
1246
160
1111
1111
1112
1112
1112
1112
1112
166
1150
1150
1150
1150
1150
1151
1151
160
160
155
1222
1222
1222
1222
1222
1223
1223
1223
1223
1223
1223
1223
1223
1223
1223
1223
160
1223
1223
901
901
901
1147
1147
1148
1148
1148
1148
1148
1217
1217
1217
1217
1217
1217
1217
1217
1217
1217
1217
1217
1217
1217
1217
1217
162
1217
1217
1217
1217
1217
1217
1167
1167
1168
1168
1168
1168
1168
1168
1168
1168
1168
157
1168
1168
1048
1048
1049
1049
1049
1052
1052
1052
1053
1053
1192
1193
1193
1181
1181
1181
1181
1181
1181
1182
1182
1182
155
871
157
1136
1136
167
159
159
1226
1226
1226
1226
1226
1227
1227
1227
1227
1227
1227
1227
1227
1227
385
1060
1060
1061
1061
1061
1085
1085
1085
1085
159
973
973
973
974
155
1112
1112
1112
1113
1192
1192
1192
1192
1192
1193
1193
159
949
949
154
992
992
992
1205
1205
1205
1205
1205
1205
1205
1205
1205
1206
395
156
1051
1051
1051
1052
1052
1168
1169
1169
1169
1169
165
157
963
963
157
172
1100
1101
1101
154
1237
157
1516
1516
1492
1055
1055
172
389
173
157
683
684
1059
1060
1060
1060
1176
1176
1176
1176
1176
1177
156
1100
1101
1101
1101
1247
1248
1248
159
1140
1140
1140
1140
1140
1140
1140
1140
1140
155
1052
1053
1053
1053
1053
155
700
1072
1072
1072
163
1077
1077
1078
160
1136
1137
165
157
1120
1120
1170
1171
165
160
919
919
920
157
1145
1145
1145
156
1110
1111
1111
1058
1058
1058
1059
1059
1059
159
159
1148
1148
1148
1148
1148
166
164
902
903
165
1094
1095
1095
1095
1095
1095
1095
177
1102
1103
1103
1103
155
154
156
870
871
871
986
987
987
161
983
983
984
158
1043
161
863
863
168
162
1152
1152
1152
1152
1152
1152
1152
1153
155
689
689
159
974
975
975
161
154
817
817
349
1095
1095
1095
1096
1096
156
1245
1245
1245
1246
1246
1246
1246
1246
1246
1246
158
165
160
1246
1246
1246
1246
1246
1246
1246
1246
1246
1246
1246
1246
1246
1246
1246
1246
156
1246
1246
1246
1247
1247
1247
1247
1247
1247
1247
1247
1247
1247
1247
1247
1247
160
1228
1228
1228
1229
1229
1229
1229
1229
1229
1229
1229
1229
1229
1229
1229
1229
1229
164
163
1229
1229
1229
1229
1229
1229
1229
1229
1229
1229
1229
1229
1228
1228
1228
1228
1228
160
157
1228
1228
1229
1229
1229
1229
1229
1229
1229
1229
1229
1229
1229
1229
1229
1229
1229
161
154
1229
1229
1229
1182
1182
1182
1182
161
159
154
165
157
161
158
163
157
158
1230
1230
1230
1230
1230
1230
1230
1230
1230
1230
1230
1230
1230
1230
1230
1230
1230
162
157
164
1230
1230
1230
1230
1230
1230
1231
1231
1231
1231
1231
1231
1231
1231
1231
1231
1231
154
1231
1238
1238
1238
1238
1238
1238
1238
1238
1238
1238
1238
1238
1238
1238
1238
1238
156
159
1238
1238
1238
1238
1238
1238
1238
1239
1239
1239
1239
1239
1239
1239
1239
1239
1239
158
162
1239
1168
1168
1168
1168
1213
1213
1213
1213
1213
1214
1088
1088
1088
1088
1089
170
1231
1231
1231
158
162
159
1243
1243
1243
1243
1243
1244
1244
1244
158
155
1218
1218
1218
1218
1218
1218
1218
1218
1218
163
155
162
159
156
163
166
162
1232
1232
1232
1232
1232
1232
1232
1232
1232
1232
1232
1232
1232
1232
1232
1232
1232
162
171
1232
1232
1232
1232
1232
1232
1232
1232
1232
1232
1232
1232
1232
1232
1232
1232
1232
177
169
1232
1232
1232
1232
1232
1232
1232
1232
1233
1233
1233
1249
1249
1249
1249
1249
1249
162
169
1249
1249
1249
1249
1249
1249
1249
1249
1249
1249
1249
1249
1249
1249
1249
1249
185
175
1249
1249
1249
1249
1249
1249
1249
1249
1249
1249
1249
1249
1249
1249
1249
1249
173
177
1249
1249
1250
1250
1250
1250
1250
1250
1250
1250
1246
1246
1246
1246
1246
1246
164
163
1246
1246
1246
1246
1246
1246
1246
1246
1246
1246
1246
1246
1246
1246
1246
1246
164
176
1246
1247
1247
1247
1247
1247
1247
1247
1247
1247
1247
1247
171
167
158
169
281
351
162
271
170
173
178
168
163
168
165
1196
1196
1196
1196
1196
1196
1196
1196
1197
1197
1197
1197
1197
1197
1197
162
177
1210
1210
1210
1211
1211
1211
1211
1211
1211
1211
1211
1211
1211
1211
1211
1211
1211
164
167
1211
1211
1214
1214
1214
1214
1214
1214
1214
1214
1214
1214
1214
1214
1214
1214
1214
159
158
160
174
1214
1214
1214
1214
1214
1214
1214
1214
1215
1157
1157
1157
1157
1157
1157
1157
1157
164
166
1157
1158
1158
167
176
171
156
157
158
164
1187
1187
1187
1187
1187
1187
1187
1187
1187
1187
1187
1187
1187
1187
1187
1187
166
165
1155
1155
1155
1156
1156
1156
1156
1156
1156
1156
166
168
1242
1242
1242
1243
1243
1243
1243
1243
1243
1243
1243
1243
1243
1243
1243
1243
171
173
1243
1198
1198
1198
1198
1198
1198
1198
1198
1198
1199
162
158
166
170
159
158
172
171
1228
1228
1228
1228
1228
1228
1229
1229
1229
1229
1229
1229
1229
1229
168
158
165
1127
1127
1127
1128
1128
1128
1128
172
162
157
167
177
1178
1178
1179
1179
1179
1179
1179
1179
1179
1179
1179
1179
1179
1179
1179
166
167
168
1216
1216
1216
1216
1216
1216
1216
1216
1216
1216
1216
1216
1217
1217
1217
1217
1217
162
168
1217
1217
1217
1217
1196
1197
1197
1197
1197
176
308
1241
1241
1241
1241
167
1241
1241
1241
1241
1241
1242
1242
1242
1225
1225
1225
1225
1225
1226
1226
1226
165
158
1228
1228
1229
165
163
1217
1217
1217
1217
1217
1217
1217
1217
1217
1217
1217
1217
1217
1217
1217
161
155
1218
1218
1218
1218
1218
1218
1218
1218
1218
1218
1218
1218
1028
1028
1028
158
166
1029
1029
942
943
943
441
1003
1003
1003
169
987
988
988
988
176
173
1009
1009
1009
160
1147
1147
1148
1148
1148
1148
1148
1148
1148
158
822
822
1131
1132
1132
1132
159
1220
1220
1220
1220
1221
1221
1221
1221
1221
1221
1221
1221
1221
1221
1221
160
1221
1198
1198
1198
1198
1199
1199
1199
1199
1199
1199
1199
1199
1199
155
1195
1195
1195
1195
1195
1195
1195
1195
1195
1195
1195
1195
1195
165
164
1195
1195
1195
1089
1089
1090
1090
1090
1090
162
163
160
160
1194
1195
1195
1195
1195
1195
1195
1195
1195
1195
1195
1195
1195
1195
1195
1103
1103
161
1185
1185
1185
1186
1186
962
963
963
160
158
1128
1131
1131
1131
1132
1132
155
1126
1127
1127
159
172
175
165
166
1232
1232
1232
1232
1232
1232
1232
1232
1232
1232
1232
1232
1232
1232
1232
163
162
1232
1232
1232
1232
1232
1232
1232
1232
1232
1232
1232
1233
1233
1233
1233
160
167
163
1233
1233
1233
1233
1233
1233
1233
1233
1233
1233
1233
1233
1233
1233
1233
174
1233
1233
1233
1233
1233
1233
1233
1233
1233
1233
1233
1233
1233
1233
1233
164
156
164
1233
1233
1233
1233
1233
1233
1233
1233
1234
1234
1234
1234
1234
1234
1234
171
167
1234
1234
1234
1234
1234
1234
1234
1234
1234
1234
1234
1234
1234
1234
1234
170
178
1234
1234
1234
1234
1234
1234
1234
1234
1234
1234
1234
1234
1234
1248
1248
182
167
1248
1248
1248
1248
1248
1248
1248
1248
1248
1248
1248
1248
1248
1248
1248
179
173
1249
1249
1249
1249
1249
1249
1249
1249
1249
1249
1249
1249
1249
1249
1249
179
163
158
1249
1249
1249
1249
1249
1249
1249
1249
1249
1249
1249
1249
1249
1249
1249
162
1249
1249
1249
1249
1228
1228
1228
1228
1228
1228
1228
1229
1229
1229
1229
173
174
170
167
1164
1164
1164
1164
1164
1165
1165
1165
170
1121
1121
167
197
159
1232
1232
1233
155
172
1087
171
169
165
159
160
160
1241
1241
1241
1241
1241
1241
1241
1241
1241
1241
1241
1241
1241
1241
1241
157
1241
1241
1241
1241
1241
1241
1241
1242
1242
1242
1242
1242
1242
1242
1242
167
160
1242
1242
1242
1242
1242
1242
1242
1242
1242
1242
1242
1242
1242
1242
1242
161
160
1242
1242
1243
1243
1243
1243
1243
1243
1243
1243
1243
1243
1243
1243
1243
165
381
160
155
1243
1243
1243
1243
1243
1243
1243
1243
1243
1243
1243
1243
1243
1243
1243
158
159
1243
1243
1243
1243
1243
1243
1243
1243
1243
1243
1243
1243
1243
1243
1243
221
173
165
160
1243
1243
1243
1243
1243
1244
1244
1244
1245
1245
1245
1245
1245
1245
1245
162
163
1245
1245
1245
1245
1245
1245
1245
1245
1245
1245
1245
1245
1245
1245
1245
160
168
1245
1245
1245
1245
1245
1245
1245
1245
1245
1245
1245
1245
1245
1245
1245
170
167
1245
1245
1245
1245
1245
1245
1245
1245
1245
1245
1245
1245
1245
1245
1245
181
166
1245
1246
1246
1246
1246
1246
1246
1246
1162
1162
1162
1162
1162
1162
1162
164
1162
1162
1162
1162
1162
157
166
170
164
169
171
164
159
1179
1179
1179
1179
1179
1179
1179
1179
1179
1179
1179
1179
1180
1180
1180
1180
165
1247
1247
1247
1247
1247
1247
1247
1247
1247
1247
1247
160
1248
1248
1248
1248
157
162
161
1248
1248
1248
1248
1220
1220
1221
1221
1221
1221
1221
167
167
1202
1202
1202
1202
1202
1202
1203
1203
1203
1203
1203
1203
172
170
1172
1172
1173
1173
1173
1173
1173
1173
1173
1173
154
157
168
164
163
164
1240
1240
1240
1240
1240
1240
1240
1240
1240
1240
1240
1240
1241
1241
166
159
1170
1170
1170
1170
1170
1170
1170
1171
1171
1171
1171
1143
1143
1143
1143
1143
1143
1143
1144
913
913
914
972
972
972
155
1148
1148
1148
1148
1148
1148
1148
1148
1103
1104
1104
1104
154
1190
1190
1191
1191
1191
1191
1191
1191
162
165
157
1206
1206
1206
1206
1206
156
169
160
1242
1242
1242
1243
1243
1243
1243
1243
1243
1243
1243
1243
157
972
972
972
973
160
1111
1111
1111
1111
1111
1111
1111
1111
160
1201
1201
1201
1201
1201
1201
1201
1201
1202
160
1046
1046
1047
1047
158
750
751
155
1218
1218
1218
1218
1218
1218
1218
1218
1218
1218
1218
1218
1218
1218
1218
162
1219
1219
1226
1227
1227
1227
1227
1227
1227
1227
1227
992
992
992
993
1072
1072
1072
1073
155
162
1073
1017
1017
1017
171
1085
1085
1085
1085
1086
1086
1086
159
970
970
971
971
157
187
1468
224
154
1149
1149
1149
1149
1149
1150
1150
1150
1150
1150
1150
174
180
1205
1205
1206
1206
1206
1206
1206
1206
1206
1206
1206
1206
1206
1206
1206
174
176
1206
1206
1206
1206
1206
1180
1180
1180
1180
1180
1180
1180
1181
1181
1181
171
162
1073
1074
1074
1074
1184
1184
1185
1185
1185
1192
1193
1193
1193
1193
159
1142
1142
1143
1143
1143
1143
1143
1143
183
901
901
901
160
368
1023
1023
1023
1024
1024
174
169
168
1226
1226
1226
1226
1226
1226
1226
1226
1226
1226
1227
1044
1044
1044
1044
1044
170
1155
1155
1156
185
716
717
680
170
1026
1026
1026
167
162
1113
1113
1113
1113
1113
1114
1114
1114
160
1035
1035
1036
1036
165
156
1062
1062
1062
1062
1062
169
168
1228
1228
1228
1228
1228
1229
1156
1156
1156
1156
1156
1157
173
1022
1023
1023
1023
171
1094
1094
1094
168
1180
1180
1180
1180
1180
170
166
1066
1066
1067
1067
1067
1063
1064
1064
162
1199
1199
1199
160
162
1051
1051
1052
1052
963
964
163
1060
1060
1060
1060
1060
1061
169
1198
1198
1198
1198
1198
1199
1199
169
174
1213
1214
1214
1214
176
174
801
802
157
969
970
970
166
976
977
977
173
156
1214
1214
1214
1214
1214
1214
1214
1214
1214
1214
159
1004
728
728
161
1043
1044
160
1035
1035
1036
168
161
171
1054
1054
1054
1054
170
1224
1224
1224
1225
1156
1156
1156
1156
1156
1156
1156
1156
1157
165
177
1240
1240
1240
1240
1241
163
1002
791
791
1150
1150
1150
1150
1150
1150
164
1128
1128
1128
1129
1129
1129
1129
173
163
986
986
165
1190
1190
1190
1191
1191
161
883
883
884
163
175
820
821
171
863
863
687
688
156
886
159
1079
1079
1080
1080
166
176
171
175
171
1241
1241
1241
1241
1241
1241
1241
1241
1241
1241
1241
1241
1242
1242
1242
161
1242
1242
1242
1242
1242
1242
1242
1242
1242
1242
1242
1242
1242
1242
1242
1242
1242
1242
1242
1242
1242
1242
1242
1242
1242
1242
1242
1242
1242
1242
162
155
1240
1240
1240
1240
1240
1240
1240
1240
1240
1240
1240
1240
1240
1240
1240
163
163
1240
1240
1240
1240
1240
1240
1240
1240
1240
1240
1240
1240
1240
1240
1240
163
1240
1240
1240
1240
1240
1240
1240
1240
1240
1240
1240
1240
1241
1241
1241
156
171
1241
1241
1241
1241
1241
1241
1241
1241
1241
1241
1241
1241
1241
1241
1241
166
167
1241
1241
1241
1241
1241
1241
1241
1241
1241
1241
1241
1241
1241
1241
1241
163
158
1245
1245
1245
1245
1245
1245
1245
1245
1245
1245
1245
1245
1245
1245
1245
171
174
1245
1245
1245
1245
1245
1245
1245
1245
1245
1245
1245
1245
1245
1245
1245
171
160
1246
1246
1246
1246
1246
1246
1246
1246
1246
1246
1246
1246
1246
1246
1246
159
1246
1246
1246
1246
1246
1246
1246
1246
1246
1246
1246
1246
1246
1246
1246
167
168
1246
1246
1246
1246
1246
1246
1246
1246
1246
1246
1246
1246
1246
1246
1246
163
167
1246
1246
1246
1246
1246
1246
1246
1246
1246
1246
1246
1246
1246
1246
1246
162
162
160
172
1246
1246
1246
1246
1246
1246
1246
1246
1162
1162
1162
1162
1163
1163
778
778
170
308
834
697
697
160
699
699
624
626
836
780
164
531
167
165
734
735
177
1136
175
1229
1229
1229
1229
1229
1230
1230
1230
1230
1230
1230
1230
170
954
954
1187
1187
1188
167
381
1073
1074
1074
164
172
1074
1075
165
171
1198
1199
1199
176
796
796
169
1118
1118
1119
1119
159
166
171
1074
1074
1075
1061
1061
1061
1061
1061
167
736
736
171
1059
1059
1059
1059
161
596
164
1200
1200
1200
1200
1200
160
754
754
168
1166
1166
1166
163
1123
1123
1124
1124
164
876
876
877
172
836
837
165
895
895
165
161
1032
1032
1032
1032
958
958
958
381
162
1222
1222
171
1020
1020
1020
1020
161
841
161
1184
1184
1184
1184
1185
161
1238
974
974
974
974
162
713
714
169
1188
1189
1189
1189
1189
167
736
736
165
985
985
986
163
1050
1051
1051
161
1133
1134
1134
1134
1134
1134
1134
166
172
1190
1190
1190
1190
1190
1190
1190
1190
1190
1191
1191
1191
168
1141
1142
1142
1142
1142
1142
1142
1142
1142
1142
1126
1127
1127
1127
1127
1127
170
1084
1084
1085
169
1071
1072
160
855
855
168
175
999
999
1000
175
181
1098
1098
1099
181
1155
1156
168
1070
1070
1071
173
911
912
912
164
719
154
1141
1141
1141
1142
1142
671
671
1204
1204
1204
1205
1205
166
1067
1224
1224
1225
1225
1225
1225
159
936
937
937
1162
1162
1162
1163
1163
385
985
985
1166
1167
1167
1167
1167
1167
197
291
1228
1229
1229
1229
911
912
912
154
1057
1057
1057
1057
1057
158
733
734
229
296
189
892
892
893
159
158
237
1168
1052
1053
158
157
1080
1080
1081
1081
1081
166
946
946
946
1014
1015
167
1077
1078
1078
156
158
1516
1516
771
1073
1073
1073
165
377
389
157
291
1191
1191
1191
1191
1191
1191
1191
1191
1191
1191
1191
1192
154
253
304
157
1124
1124
1124
1124
1124
1124
1125
155
164
739
740
159
1169
1169
1169
1169
1170
1170
1170
237
164
1215
1215
1215
155
1243
1243
1243
1243
1243
1243
1244
1206
1206
1207
1207
1014
1014
1014
156
854
166
164
1154
1154
1154
158
