140
72
162
144
169
1249
1249
1249
1249
1249
1249
1249
1249
1249
1249
1249
1249
1249
1249
1249
171
169
1249
1249
1249
1249
1249
1249
1249
1249
1249
1249
1249
1249
1249
1249
1249
162
136
162
1249
1249
1249
1249
1249
1249
1249
1249
1249
1249
1249
1249
47840
1249
1249
162
162
1249
1249
1249
1249
1249
1249
1249
1249
1249
1249
1249
1249
1249
1249
1249
167
181
1249
1249
1249
1249
1249
1249
1249
1249
1249
1249
1249
1249
1249
1249
1249
180
124
175
120
165
1249
1249
1249
1249
1249
1249
1249
1249
1183
1183
1183
1183
1183
1183
1183
168
1160
1160
1160
1160
1160
1160
1160
1160
1160
1160
1036
1036
1037
1037
1083
1084
1084
171
128
163
308
1246
1247
1249
158
1177
1177
1177
120
108
158
1204
1205
1205
1205
1205
1205
1205
165
1147
1212
1212
153
100
883
884
159
144
155
100
484
155
153
645
814
154
92
160
108
148
1143
153
92
120
148
1232
1232
1232
1232
1232
1232
1232
1233
1233
1233
1233
1233
1233
1233
1233
1233
153
92
159
158
1233
1233
1233
1233
1233
1233
1233
1233
1233
1233
1233
1233
1240
1240
1240
1240
152
150
1240
1240
1240
1240
1240
1240
1240
1240
1240
1240
1240
1240
1240
1240
1240
120
148
112
152
1240
1240
1240
1240
1240
1240
1240
1240
1241
1241
1241
1241
1241
1241
1241
163
160
1241
1241
1241
1241
1241
1241
1241
1241
1154
1154
1155
1155
1054
1054
1055
1055
154
152
120
1172
1172
1172
1172
1172
1172
1172
1172
1172
1172
1173
1173
1241
1241
1241
1241
136
149
167
1241
1241
1241
1241
1241
757
858
858
1166
1166
1166
1166
1166
1166
1166
1166
1166
158
116
120
159
1166
1166
1167
1143
1144
1144
1144
1144
802
803
931
932
848
849
157
746
747
70
74
68
100
1042
1043
1043
1043
1043
149
165
723
723
112
162
144
100
155
1193
1194
1194
677
678
1040
1040
149
72
92
150
1026
1027
1027
1027
1027
161
68
96
164
96
895
896
159
120
1033
1034
1034
154
120
154
1211
1211
1211
1211
155
96
151
1135
1135
1135
1135
1135
1135
1136
1136
1136
1136
151
68
92
1194
1194
1195
1195
1195
1195
1195
1195
1195
155
1232
1232
1233
1233
1233
1233
1233
1233
1233
803
803
100
156
846
159
165
120
108
727
728
164
153
797
797
156
92
152
660
1060
1060
158
92
120
168
120
795
1146
1147
1147
155
92
150
1194
1194
1194
1194
1195
1195
1195
148
155
726
727
96
1169
1169
1169
1169
1169
154
742
743
152
148
163
1000
1000
1000
1001
104
165
155
1180
1180
152
96
144
970
970
971
971
157
1144
1145
1145
1145
156
167
96
1113
1114
162
1041
1041
1042
161
120
1219
1219
1220
1220
155
100
1227
1228
1228
1228
1228
1228
1228
1228
1228
1228
166
1186
1186
1186
1186
1186
1186
1186
1187
165
1134
1135
1135
156
419
154
112
153
907
907
72
148
92
158
819
913
913
92
158
157
1132
1132
1132
1132
1133
1133
1133
120
842
163
948
949
92
167
120
70
74
68
1144
1144
153
170
100
163
157
1248
1248
1248
1248
1248
1248
1248
1248
1248
1248
1248
1248
1248
1248
1248
158
145
1248
1249
1249
1249
1249
1249
1249
1249
1249
1249
1249
1249
1249
1249
1249
171
165
1249
1249
1249
1249
1249
1249
1249
1249
1249
1249
1249
1249
1249
1249
1249
156
159
1249
1249
1249
1249
1249
1249
1249
1249
1249
1249
1249
1249
1249
1249
1249
177
165
1249
1249
1249
1249
1249
1249
1249
1249
1249
1249
1249
1249
1249
1249
1249
154
160
72
1228
1228
1228
1228
1228
1228
1228
1228
1228
1228
1228
1228
1228
1228
1228
1228
167
104
174
167
1228
1228
1229
1229
1229
1229
1229
1229
1229
1229
1229
1229
1229
1229
1229
1229
159
164
1229
1229
1229
1229
1229
1229
1031
144
167
157
68
68
124
96
150
176
92
120
165
159
68
152
152
92
158
1234
1234
1234
1234
1234
1234
1234
1234
1234
1234
1234
1234
1234
1235
1235
1235
152
120
154
1235
1235
1235
1235
1235
1235
1235
1235
1235
1235
1235
1235
1235
1223
1223
1223
156
157
1223
1223
1223
1223
1223
1223
1224
1224
1224
1225
1225
1225
1225
1225
1139
1139
108
158
165
1140
1140
1140
1140
1140
1143
1143
1143
1143
1143
1143
1143
1143
1144
164
120
156
149
104
76
154
162
165
151
144
151
92
154
166
155
120
1229
1229
1229
1229
1229
1229
1229
1229
1229
1229
1229
1229
1229
1229
1229
1229
158
149
1229
1229
1229
1229
1229
1229
1229
1229
1229
1229
1229
1230
1230
1230
1230
1230
92
165
159
1230
1230
1230
1230
1230
1230
1230
1230
1230
1230
1230
1230
1230
1232
1232
1232
164
70
74
68
160
1232
1232
1232
1232
1232
1232
1232
1232
1233
1233
1233
1233
1233
1233
1233
1233
154
120
158
156
1233
1233
1233
1233
1233
1233
1233
1233
1233
1233
1233
1233
1233
1233
1233
1233
140
163
72
174
1233
1233
1233
1233
1233
1233
1233
1233
1233
1233
1233
1233
1233
1233
1233
1233
166
156
1233
1233
1233
1233
1233
1233
1233
1233
1233
1233
1233
1233
1233
1233
1233
1233
136
167
168
1233
1233
1233
1233
1233
1233
1233
1233
1233
1233
1233
1233
1233
1233
1233
1233
156
157
1233
1233
1233
1233
1233
1233
1233
1233
1233
1233
1233
1233
1233
1233
1233
1233
164
120
128
165
1233
1233
1233
1233
1233
1234
158
170
177
112
176
72
170
120
166
167
171
92
157
120
96
160
168
170
120
168
171
170
92
170
160
108
172
167
175
169
168
92
157
Who
72
72
155
120
164
1195
1195
1195
1196
1196
1196
1196
1196
1196
1196
1196
1196
1196
1196
1196
1196
168
162
1196
1196
1196
1205
1206
1206
1206
1206
1206
1206
1206
1206
1206
1206
1206
1206
171
92
163
1206
1206
1206
1206
1206
1206
1206
1206
1206
1229
1229
1229
1229
1230
1230
1230
165
162
182
1230
1230
1230
1230
1230
1230
1230
1230
1230
1230
1230
1230
1230
1230
1230
1230
168
171
140
1230
1230
1230
1230
1230
1182
1183
1183
1183
1183
1183
1183
1183
165
120
144
176
171
70
74
68
162
151
164
172
163
152
153
161
120
163
148
165
163
160
92
1190
1190
1190
1190
1190
1190
1190
1190
1191
1191
1191
1191
1191
1191
1191
1191
160
148
154
163
1191
1191
1191
1237
1237
1237
1237
1237
1237
1237
1237
1237
1237
1237
1237
1237
171
166
1237
1237
1237
1237
1237
1237
1238
1238
1219
1219
1219
1219
1220
1220
1220
1220
108
159
160
1220
1220
1220
1220
140
72
144
136
124
120
128
120
108
153
100
144
100
153
92
108
148
153
92
120
148
153
92
152
150
120
148
112
152
152
120
136
149
116
120
70
74
68
100
149
112
144
100
149
72
92
150
68
96
96
120
120
96
151
151
68
92
100
120
108
153
92
152
92
120
120
92
150
148
96
152
148
104
152
96
144
96
120
100
112
153
72
148
92
92
120
92
120
70
74
68
153
100
145
72
104
144
68
68
124
96
150
92
120
68
152
152
92
152
120
108
120
149
104
76
151
144
151
92
120
149
92
70
74
68
120
140
72
136
120
128
112
72
120
92
120
96
120
92
108
92
Who
72
72
120
92
140
120
144
70
74
68
151
152
153
120
148
92
148
108
144
132
120
100
104
120
92
Who
112
92
120
96
92
92
92
120
70
74
68
92
144
72
112
146
112
92
104
92
96
120
104
120
96
96
92
144
104
153
100
76
100
92
152
145
120
151
96
120
70
74
68
109
152
148
124
120
151
72
149
140
153
124
149
144
151
149
140
120
152
68
152
104
120
92
108
120
108
120
104
96
92
120
148
100
100
148
113
120
96
72
120
70
74
68
144
128
116
120
72
116
116
120
109
108
96
120
151
144
68
153
96
68
149
120
72
96
120
96
146
104
149
72
96
150
96
92
152
92
153
152
120
92
151
104
120
120
70
74
68
96
144
153
112
151
116
152
92
96
147
149
92
92
120
120
92
68
68
109
92
153
112
72
144
96
153
153
92
96
76
96
151
92
120
96
120
120
112
70
74
68
140
144
124
68
140
68
120
124
92
72
120
148
116
120
148
72
120
104
108
96
120
140
120
124
112
120
70
74
68
144
92
124
72
120
124
72
116
153
124
120
151
120
104
120
151
153
92
145
144
112
92
120
100
96
72
72
108
120
92
68
100
120
70
74
68
68
100
120
104
92
152
96
151
104
147
147
108
68
68
144
149
104
153
68
100
96
68
150
120
100
151
96
96
148
120
100
152
96
153
92
148
96
68
68
150
153
100
76
149
100
150
144
148
100
150
120
153
72
70
74
68
151
92
153
148
120
92
148
152
148
108
151
92
132
150
144
68
152
120
136
72
108
108
148
120
149
120
100
100
108
92
144
120
108
72
70
74
68
100
120
104
92
92
68
68
107
96
68
68
100
99
107
100
99
68
103
107
104
136
72
72
135
76
120
68
68
68
133
80
107
88
68
133
99
88
88
76
68
100
72
100
120
100
96
92
144
100
108
107
80
115
68
142
100
151
96
99
68
68
107
103
152
68
99
68
99
68
99
68
103
78
78
135
76
68
99
80
107
80
100
149
72
68
68
76
68
104
115
100
68
107
72
144
104
120
68
142
96
68
68
70
68
74
68
103
92
99
68
99
99
80
107
80
100
99
80
80
72
115
92
80
68
68
68
107
68
115
68
107
107
108
80
80
100
99
80
80
68
99
107
68
107
80
103
104
107
120
68
103
100
68
68
96
68
100
99
107
68
107
68
92
68
68
103
104
120
68
100
99
68
68
104
144
92
92
80
80
100
99
80
80
115
107
68
107
68
68
100
80
100
68
120
115
96
68
68
100
148
76
80
80
100
80
99
80
115
96
148
68
96
104
120
88
100
99
88
123
70
74
68
92
80
107
68
120
68
100
99
68
68
92
92
72
140
124
120
120
140
151
147
144
140
108
107
72
72
112
150
100
76
149
120
68
96
76
68
150
146
145
92
68
142
107
68
103
107
148
150
68
80
152
148
150
152
68
108
138
104
107
68
107
153
120
120
68
152
150
70
74
68
68
149
151
109
108
68
100
149
92
151
68
153
148
148
144
72
96
153
151
150
151
148
153
152
153
96
153
151
149
151
68
153
96
142
153
151
150
109
146
151
120
92
Who
192.168.1.103
99
68
68
99
151
120
92
152
Who
147
150
192.168.1.101
153
92
68
99
68
107
107
148
92
147
100
68
68
96
68
68
153
96
96
Who
68
80
80
80
144
80
88
88
96
96
96
96
96
96
152
96
96
100
149
148
96
96
96
96
120
96
151
142
68
96
96
107
80
68
107
96
96
109
80
108
149
151
92
151
68
72
68
107
150
152
151
120
149
68
100
150
151
70
74
68
151
96
152
72
150
96
151
148
149
109
144
148
148
100
149
92
107
149
92
149
151
68
80
80
107
80
80
150
149
72
153
151
80
152
104
153
149
72
152
80
120
148
96
68
151
80
80
80
151
80
148
88
96
153
96
153
96
96
96
100
96
96
96
96
96
96
96
88
88
149
80
104
80
80
80
68
68
68
148
109
80
144
80
100
68
80
80
88
152
88
100
96
96
96
107
68
107
103
96
96
96
96
150
96
96
96
96
151
96
96
96
96
96
96
68
96
100
150
76
96
147
96
96
96
96
96
104
88
142
88
80
88
151
88
88
96
152
150
88
88
88
88
148
88
80
80
150
80
80
120
68
148
80
80
147
80
80
151
92
88
88
152
120
88
70
74
68
153
88
72
88
140
152
88
80
80
119
80
148
80
68
80
80
120
68
80
68
115
68
68
92
68
152
149
145
80
152
80
80
80
68
87
87
80
76
80
80
80
148
108
88
88
80
76
68
68
68
88
149
140
88
88
124
88
148
88
88
123
88
88
80
153
68
68
142
124
153
88
88
88
96
153
96
96
96
96
96
153
96
99
68
99
88
80
88
88
88
151
88
77
77
107
80
99
80
80
68
107
134
76
80
80
80
124
149
80
80
153
152
68
80
68
80
80
120
80
80
68
88
76
68
144
88
153
88
88
124
88
88
88
88
80
80
80
80
68
68
68
142
68
68
68
68
72
108
68
68
136
152
80
80
99
80
99
80
68
68
152
80
88
80
88
88
88
149
80
88
88
88
152
96
96
88
88
96
96
151
96
124
96
96
96
96
96
96
96
96
96
96
96
147
96
96
108
96
88
96
96
149
144
148
100
96
96
80
119
152
96
96
96
88
88
80
68
68
92
68
68
107
120
120
70
74
68
92
75
75
146
96
120
68
68
96
68
68
68
92
80
80
80
92
92
107
144
68
107
80
100
68
68
100
120
149
153
150
100
109
120
153
68
108
153
68
151
68
149
68
100
99
107
68
107
92
68
68
68
92
72
148
80
80
108
68
80
80
80
80
80
88
80
80
88
88
108
88
88
92
88
147
96
152
144
88
80
88
88
96
88
120
80
88
80
80
152
88
70
74
68
88
88
100
150
149
80
80
80
80
80
68
68
68
148
68
151
96
68
80
80
148
147
80
80
72
108
80
68
68
80
80
80
80
80
104
151
80
68
80
80
80
80
72
68
144
120
80
80
104
80
80
80
80
80
80
72
80
80
80
80
96
80
68
68
68
153
68
152
100
150
80
147
80
80
120
88
100
88
80
80
152
80
76
149
100
68
147
68
151
80
153
80
92
80
88
120
80
100
80
144
80
70
74
68
68
68
153
68
72
104
107
150
68
84
84
76
104
153
151
149
108
68
147
124
153
76
149
76
68
104
120
120
145
146
152
151
108
149
149
68
108
96
109
68
144
92
76
68
151
68
68
80
80
80
77
80
152
148
96
150
92
72
144
151
149
116
72
120
143
149
120
150
68
151
68
68
77
68
68
68
120
147
112
68
147
151
100
70
74
68
153
149
104
150
145
152
100
108
151
68
68
106
106
68
68
153
68
119
137
68
153
152
144
152
92
153
68
151
80
151
80
80
80
153
147
100
149
68
152
107
68
150
120
109
80
150
100
88
152
68
92
152
68
144
80
109
68
152
104
150
120
99
148
68
92
147
150
149
149
153
150
151
153
148
149
152
112
148
148
104
68
144
152
151
68
68
107
68
107
149
144
148
151
145
152
137
150
68
120
72
124
96
122
68
115
70
74
68
153
120
96
151
92
149
96
152
150
151
96
151
76
76
147
81
81
131
76
96
120
68
68
76
68
68
103
68
68
68
68
68
107
68
142
100
100
68
150
68
99
68
108
68
68
153
96
107
80
80
144
96
68
107
76
152
92
120
92
70
74
68
68
153
107
120
120
153
151
130
68
147
96
108
144
68
68
68
136
153
68
107
107
147
92
72
68
104
120
153
100
120
96
152
108
153
92
150
151
147
150
100
147
150
96
151
88
151
149
153
150
150
153
96
149
152
144
150
152
100
109
152
92
148
151
120
148
96
152
68
70
74
68
92
152
120
147
104
146
153
153
92
153
92
153
92
152
149
141
151
147
100
151
92
152
150
149
146
100
148
120
100
151
148
148
144
116
140
88
151
151
100
151
100
141
68
153
153
153
153
151
112
68
68
153
150
100
149
116
151
142
92
151
72
88
147
152
153
72
148
153
96
151
92
153
92
145
120
152
153
148
92
144
109
70
74
68
92
152
153
153
152
153
96
148
92
151
92
149
151
96
148
88
153
150
152
152
92
151
144
151
96
152
152
109
153
104
120
96
149
152
96
92
100
152
151
88
151
72
144
96
147
141
149
72
149
148
148
153
92
122
145
153
96
118
147
132
92
120
145
151
116
96
117
76
120
115
151
100
115
151
92
120
148
152
108
70
74
68
152
151
152
124
109
152
150
152
147
140
152
152
124
108
152
112
151
148
120
100
152
68
68
68
68
109
151
150
144
104
92
108
96
92
100
68
92
120
96
88
149
143
72
96
120
92
120
96
70
74
68
88
148
96
149
144
88
148
68
68
107
92
68
96
92
107
80
139
80
80
80
115
100
68
101
68
107
68
96
122
68
150
120
68
150
126
68
92
109
120
68
108
120
124
72
96
100
120
144
100
70
74
68
96
120
96
92
96
144
139
107
68
68
107
92
68
72
120
120
72
68
132
68
112
103
153
68
96
152
100
150
68
146
104
152
144
68
68
68
153
100
153
68
151
76
151
68
104
151
150
120
96
120
150
68
151
70
74
68
120
151
112
149
147
96
150
92
152
144
147
152
153
96
92
96
152
151
150
120
149
120
148
104
147
149
150
149
108
151
108
109
112
151
151
100
151
68
153
148
151
100
151
92
144
148
72
152
112
150
146
96
147
148
148
146
148
151
100
152
120
96
150
148
70
74
68
100
153
120
92
148
149
149
96
151
92
149
153
92
135
120
153
120
68
152
115
100
144
104
149
92
120
120
100
92
96
92
96
100
144
100
153
100
68
92
68
96
120
120
70
74
68
100
88
88
72
100
153
149
100
152
150
92
148
147
96
88
96
149
151
120
100
88
151
153
152
92
151
151
144
92
153
151
151
96
151
96
76
150
151
72
120
152
100
150
151
70
74
68
88
152
108
144
153
152
120
149
124
152
72
112
96
148
148
120
153
92
149
153
108
104
100
100
152
96
147
96
144
72
104
92
120
153
151
96
70
74
68
96
153
104
120
153
96
153
96
92
92
100
96
92
96
149
96
96
120
150
104
149
104
144
152
104
149
48
120
108
104
152
153
124
92
72
108
120
153
100
150
70
74
68
104
144
152
72
96
62
150
108
120
112
152
104
153
151
108
108
144
100
120
152
96
153
92
92
120
151
62
112
108
120
96
149
96
151
92
153
120
151
151
108
72
108
120
76
96
120
100
144
109
70
74
68
148
108
148
148
148
120
151
149
140
68
151
124
120
152
124
120
104
109
108
120
150
144
104
68
68
108
120
104
120
151
152
153
148
112
152
153
120
132
116
92
152
120
150
116
147
144
70
74
68
96
153
151
100
153
92
109
120
108
96
96
92
151
72
120
147
96
100
150
100
120
68
68
109
100
151
96
152
144
92
92
72
100
100
100
120
104
92
96
120
100
70
74
68
151
92
152
100
150
153
144
120
136
149
116
72
120
96
144
108
151
148
120
128
148
152
120
100
76
152
72
70
74
68
92
120
62
108
120
144
140
144
150
120
68
104
109
120
68
124
108
100
120
92
72
68
68
68
120
92
116
68
68
68
70
74
68
120
153
108
149
120
104
149
92
120
147
112
151
120
92
144
124
120
120
92
72
72
Who
124
120
100
153
72
92
153
152
104
120
152
72
108
70
74
68
124
144
92
116
153
150
76
92
100
120
72
148
108
148
120
124
144
62
120
136
120
92
120
76
92
120
92
70
74
68
68
150
109
92
68
144
48
136
68
68
68
120
124
72
136
120
120
152
124
108
120
151
92
108
124
144
72
146
120
153
120
152
92
70
74
68
148
152
108
108
153
120
96
100
96
96
149
144
108
92
92
96
96
153
120
120
149
96
152
124
96
104
120
100
92
68
68
107
68
68
144
120
124
107
80
80
116
92
72
68
103
107
112
120
68
68
96
120
148
70
74
68
72
104
148
96
120
108
152
96
150
48
100
92
144
104
100
120
96
120
92
104
96
100
96
148
149
120
100
96
96
96
72
144
92
148
96
92
120
76
92
70
74
68
153
68
149
108
148
68
120
124
148
151
140
140
72
144
120
149
124
108
140
96
120
100
100
120
92
108
96
120
96
144
92
109
70
74
68
100
120
96
96
96
96
92
120
96
92
96
152
96
96
96
109
120
120
96
100
146
120
96
144
92
148
92
148
96
72
96
145
146
72
149
96
120
96
150
68
68
76
76
153
96
72
150
120
147
96
76
68
68
76
68
144
96
70
74
68
68
150
104
68
68
68
152
152
109
144
68
Who
192.168.1.103
92
92
Who
192.168.1.101
68
68
76
76
100
92
76
68
92
76
68
68
92
153
68
100
120
96
68
68
100
152
152
120
68
109
