140
72
162
144
169
1249
1249
1249
1249
1249
1249
1249
1249
1249
1249
1249
1249
1249
1249
1249
171
169
1249
1249
1249
1249
1249
1249
1249
1249
1249
1249
1249
1249
1249
1249
1249
162
136
162
1249
1249
1249
1249
1249
1249
1249
1249
1249
1249
1249
1249
47840
1249
1249
162
162
1249
1249
1249
1249
1249
1249
1249
1249
1249
1249
1249
1249
1249
1249
1249
167
181
1249
1249
1249
1249
1249
1249
1249
1249
1249
1249
1249
1249
1249
1249
1249
180
124
175
120
165
1249
1249
1249
1249
1249
1249
1249
1249
1183
1183
1183
1183
1183
1183
1183
168
1160
1160
1160
1160
1160
1160
1160
1160
1160
1160
1036
1036
1037
1037
1083
1084
1084
171
128
163
308
1246
1247
1249
158
1177
1177
1177
120
108
158
1204
1205
1205
1205
1205
1205
1205
165
1147
1212
1212
153
100
883
884
159
144
155
100
484
155
153
645
814
154
92
160
108
148
1143
153
92
120
148
1232
1232
1232
1232
1232
1232
1232
1233
1233
1233
1233
1233
1233
1233
1233
1233
153
92
159
158
1233
1233
1233
1233
1233
1233
1233
1233
1233
1233
1233
1233
1240
1240
1240
1240
152
150
1240
1240
1240
1240
1240
1240
1240
1240
1240
1240
1240
1240
1240
1240
1240
120
148
112
152
1240
1240
1240
1240
1240
1240
1240
1240
1241
1241
1241
1241
1241
1241
1241
163
160
1241
1241
1241
1241
1241
1241
1241
1241
1154
1154
1155
1155
1054
1054
1055
1055
154
152
120
1172
1172
1172
1172
1172
1172
1172
1172
1172
1172
1173
1173
1241
1241
1241
1241
136
149
167
1241
1241
1241
1241
1241
757
858
858
1166
1166
1166
1166
1166
1166
1166
1166
1166
158
116
120
159
1166
1166
1167
1143
1144
1144
1144
1144
802
803
931
932
848
849
157
746
747
70
74
68
100
1042
1043
1043
1043
1043
149
165
723
723
112
162
144
100
155
1193
1194
1194
677
678
1040
1040
149
72
92
150
1026
1027
1027
1027
1027
161
68
96
164
96
895
896
159
120
1033
1034
1034
154
120
154
1211
1211
1211
1211
155
96
151
1135
1135
1135
1135
1135
1135
1136
1136
1136
1136
151
68
92
1194
1194
1195
1195
1195
1195
1195
1195
1195
155
1232
1232
1233
1233
1233
1233
1233
1233
1233
803
803
100
156
846
159
165
120
108
727
728
164
153
797
797
156
92
152
660
1060
1060
158
92
120
168
120
795
1146
1147
1147
155
92
150
1194
1194
1194
1194
1195
1195
1195
148
155
726
727
96
1169
1169
1169
1169
1169
154
742
743
152
148
163
1000
1000
1000
1001
104
165
155
1180
1180
152
96
144
970
970
971
971
157
1144
1145
1145
1145
156
167
96
1113
1114
162
1041
1041
1042
161
120
1219
1219
1220
1220
155
100
1227
1228
1228
1228
1228
1228
1228
1228
1228
1228
166
1186
1186
1186
1186
1186
1186
1186
1187
165
1134
1135
1135
156
419
154
112
153
907
907
72
148
92
158
819
913
913
92
158
157
1132
1132
1132
1132
1133
1133
1133
120
842
163
948
949
92
167
120
70
74
68
1144
1144
153
170
100
163
157
1248
1248
1248
1248
1248
1248
1248
1248
1248
1248
1248
1248
1248
1248
1248
158
145
1248
1249
1249
1249
1249
1249
1249
1249
1249
1249
1249
1249
1249
1249
1249
171
165
1249
1249
1249
1249
1249
1249
1249
1249
1249
1249
1249
1249
1249
1249
1249
156
159
1249
1249
1249
1249
1249
1249
1249
1249
1249
1249
1249
1249
1249
1249
1249
177
165
1249
1249
1249
1249
1249
1249
1249
1249
1249
1249
1249
1249
1249
1249
1249
154
160
72
1228
1228
1228
1228
1228
1228
1228
1228
1228
1228
1228
1228
1228
1228
1228
1228
167
104
174
167
1228
1228
1229
1229
1229
1229
1229
1229
1229
1229
1229
1229
1229
1229
1229
1229
159
164
1229
1229
1229
1229
1229
1229
1031
144
167
157
68
68
124
96
150
176
92
120
165
159
68
152
152
92
158
1234
1234
1234
1234
1234
1234
1234
1234
1234
1234
1234
1234
1234
1235
1235
1235
152
120
154
1235
1235
1235
1235
1235
1235
1235
1235
1235
1235
1235
1235
1235
1223
1223
1223
156
157
1223
1223
1223
1223
1223
1223
1224
1224
1224
1225
1225
1225
1225
1225
1139
1139
108
158
165
1140
1140
1140
1140
1140
1143
1143
1143
1143
1143
1143
1143
1143
1144
164
120
156
149
104
76
154
162
165
151
144
151
92
154
166
155
120
1229
1229
1229
1229
1229
1229
1229
1229
1229
1229
1229
1229
1229
1229
1229
1229
158
149
1229
1229
1229
1229
1229
1229
1229
1229
1229
1229
1229
1230
1230
1230
1230
1230
92
165
159
1230
1230
1230
1230
1230
1230
1230
1230
1230
1230
1230
1230
1230
1232
1232
1232
164
70
74
68
160
1232
1232
1232
1232
1232
1232
1232
1232
1233
1233
1233
1233
1233
1233
1233
1233
154
120
158
156
1233
1233
1233
1233
1233
1233
1233
1233
1233
1233
1233
1233
1233
1233
1233
1233
140
163
72
174
1233
1233
1233
1233
1233
1233
1233
1233
1233
1233
1233
1233
1233
1233
1233
1233
166
156
1233
1233
1233
1233
1233
1233
1233
1233
1233
1233
1233
1233
1233
1233
1233
1233
136
167
168
1233
1233
1233
1233
1233
1233
1233
1233
1233
1233
1233
1233
1233
1233
1233
1233
156
157
1233
1233
1233
1233
1233
1233
1233
1233
1233
1233
1233
1233
1233
1233
1233
1233
164
120
128
165
1233
1233
1233
1233
1233
1234
158
170
177
112
176
72
170
120
166
167
171
92
157
120
96
160
168
170
120
168
171
170
92
170
160
108
172
167
175
169
168
92
157
Who
72
72
155
120
164
1195
1195
1195
1196
1196
1196
1196
1196
1196
1196
1196
1196
1196
1196
1196
1196
168
162
1196
1196
1196
1205
1206
1206
1206
1206
1206
1206
1206
1206
1206
1206
1206
1206
171
92
163
1206
1206
1206
1206
1206
1206
1206
1206
1206
1229
1229
1229
1229
1230
1230
1230
165
162
182
1230
1230
1230
1230
1230
1230
1230
1230
1230
1230
1230
1230
1230
1230
1230
1230
168
171
140
1230
1230
1230
1230
1230
1182
1183
1183
1183
1183
1183
1183
1183
165
120
144
176
171
70
74
68
162
151
164
172
163
152
153
161
120
163
148
165
163
160
92
1190
1190
1190
1190
1190
1190
1190
1190
1191
1191
1191
1191
1191
1191
1191
1191
160
148
154
163
1191
1191
1191
1237
1237
1237
1237
1237
1237
1237
1237
1237
1237
1237
1237
1237
171
166
1237
1237
1237
1237
1237
1237
1238
1238
1219
1219
1219
1219
1220
1220
1220
1220
108
159
160
1220
1220
1220
1220
1220
1220
1220
1220
1038
1038
1038
1038
1038
144
167
163
161
132
167
120
162
1212
1212
1212
1212
1212
1212
1212
1212
1212
1212
1212
1212
1213
1213
157
890
890
890
159
163
100
158
104
160
168
174
120
168
173
92
155
1175
1175
1175
1176
1176
1176
1176
1176
1176
1176
1176
1176
1176
1176
156
1044
1044
1044
1045
1045
1163
159
169
Who
1216
1217
112
162
173
1064
1065
1065
1065
1065
166
92
163
120
157
1051
1051
1051
96
155
161
1143
1143
1144
168
92
1099
1100
174
92
172
1221
1221
1222
173
92
120
164
162
1084
1084
1084
1084
70
74
68
161
1116
1116
1116
174
173
167
1233
1233
1233
1233
1234
1234
1234
1234
1234
1234
1234
1234
1234
1234
1234
1234
92
144
162
158
1234
1234
1234
1234
1234
1163
1163
1164
1164
1164
1164
1164
1243
1243
1244
72
650
156
479
156
159
112
160
1154
1154
1154
1155
1155
1155
1209
146
1199
1199
1200
163
168
112
1205
1205
1205
1205
1205
1206
1206
1206
1206
159
92
1223
1223
1223
1224
1224
1224
168
1098
1098
169
157
104
1146
1147
1147
1147
1147
1147
1147
163
92
167
167
1216
1216
1216
1217
1217
1217
1217
1217
96
1152
1153
1153
1153
1153
165
848
848
160
160
120
104
162
308
1041
1041
1043
1043
850
850
1086
162
120
938
938
939
156
96
157
1126
1126
1127
1127
164
96
164
1128
1128
1128
1128
1128
1128
1128
1129
1129
164
92
1063
1063
1063
1067
1067
1067
159
144
1116
1117
1117
1117
1117
1117
154
158
104
1060
1061
1061
161
157
1123
1124
1124
153
100
1063
1063
1063
1063
1063
163
1113
1113
1114
159
76
166
100
163
92
154
381
152
145
120
1250
1250
1250
1250
1250
1250
1250
1250
1250
1250
1250
1250
1250
1250
1250
1250
151
159
166
1250
1250
1250
1250
1250
1250
1250
1250
1250
1250
1250
1250
1250
1250
1250
1250
96
167
156
1250
1250
1250
1250
1250
1250
1250
1250
1250
1251
1251
1251
1251
1246
1246
1246
120
154
160
1246
1246
1246
1246
1246
1246
1246
1246
1246
1246
1246
1246
1246
1246
1246
1246
70
74
68
159
109
156
1246
1246
1246
1246
1246
1246
1246
1247
1247
1247
1247
1247
1247
1247
1247
1247
152
154
1247
1247
1247
1247
1247
1247
1247
1247
1247
1247
1247
1247
1247
1247
1247
1243
148
168
1243
1243
1243
1243
1243
1243
1243
1243
1243
1243
1243
1244
1244
1244
1244
1244
157
124
154
1244
1244
1244
1244
1244
1244
1244
1244
1244
1244
1244
1244
1244
1244
1244
1244
120
151
72
149
155
1244
1244
1244
1244
1244
1244
1244
1244
1244
1244
1244
1244
1244
1244
1244
1244
179
160
140
165
1244
1244
1244
1244
1244
1244
1244
1244
1244
1244
1244
1244
1244
1244
1244
1244
158
153
1244
1244
1244
1244
1244
1244
1244
1244
1244
1224
1224
1224
1224
1224
1224
1224
157
157
1224
1224
1224
1224
1225
1225
1225
1225
1225
1225
1225
1217
1217
1217
1217
1217
162
124
156
1217
1217
1217
1218
1218
1218
1218
1218
1218
1218
1218
1218
1218
1069
1070
1070
149
144
151
1070
157
1214
1214
1214
1214
1214
1214
1214
1214
1214
1214
1214
1214
1215
1215
149
140
120
152
68
152
104
164
120
164
165
176
173
92
170
160
108
120
161
1236
1236
1236
1236
1236
1236
1236
1237
1237
1237
1237
1237
1237
1237
1237
1237
168
168
1237
1237
1237
1237
1237
1223
1223
1223
1223
1223
1223
1224
1224
1224
933
934
168
108
169
1052
1052
1052
1052
120
169
104
983
984
984
984
167
96
176
181
1159
1160
1160
1160
1160
1160
1160
1160
1160
1160
92
174
120
162
1141
1141
1142
1142
1142
1142
1142
1142
1142
148
171
100
166
1083
1083
1083
1083
1083
1083
161
100
148
385
113
180
120
168
96
72
165
120
159
170
1242
1242
1242
1242
1243
1243
1243
1243
1243
1243
1243
1243
1243
1243
1243
1243
70
74
68
144
172
1188
1188
1188
1188
1188
1188
1188
1188
1188
1188
1189
160
163
173
1189
1189
1189
1189
1189
1189
1189
1190
1206
1206
1206
1206
1206
1206
1206
1207
1207
178
175
1247
1247
1247
1247
1247
1247
1247
1247
1247
1247
1247
1247
1247
1248
128
169
1061
1061
1062
168
1115
1115
1115
1115
1115
1115
1116
1116
166
381
170
116
1211
1211
1211
1211
1211
1211
1211
1211
1211
1211
1211
1211
1211
1211
1211
1211
120
72
156
166
1211
1211
1211
1212
1212
1212
1212
1196
1196
1196
1197
1197
1197
1197
1197
1197
164
168
1197
1197
1197
1197
1197
1197
1062
1063
1063
1063
1244
934
934
935
116
165
156
1203
1203
1203
1203
1203
1203
1203
1203
1203
1203
1203
1204
1204
1204
1204
1204
154
116
120
159
1144
1144
1144
1144
1144
1144
1145
1145
165
109
108
169
169
96
175
164
120
164
176
151
1185
1185
1185
1185
1185
1185
1186
1186
1186
1186
1186
144
68
153
96
1206
1206
1206
1206
1206
1206
1206
1206
1206
1207
1207
1207
156
161
1107
1108
1108
1108
1108
68
159
1237
1237
1237
1237
1237
1237
1237
1238
149
120
1197
1197
1197
1197
1197
1197
1197
1197
162
158
1203
1203
1203
1203
1203
1203
1203
1203
1204
72
96
965
966
966
966
156
120
96
1208
1208
1208
1208
1209
1209
155
146
1154
1154
1154
1154
1154
1154
1154
1154
104
149
72
96
1128
1129
150
157
96
92
152
92
153
162
152
1190
1190
1190
1190
1191
1191
1191
1191
1191
160
120
157
1045
1045
1046
1046
1046
92
155
1162
1162
151
167
104
120
1199
1199
1199
1199
1199
1200
1200
1200
1200
1200
170
156
120
70
74
68
1197
1198
1198
1198
1198
1198
1198
154
164
159
1214
1214
1214
1214
1214
1214
1214
1215
1215
1215
1215
1215
154
96
1245
1245
1245
1245
1245
1245
1245
1245
1245
1245
1245
1245
1245
1245
163
164
1071
1071
1071
1071
1071
157
162
1175
1175
1175
1176
1176
1176
1176
1176
1176
1176
1176
1176
1176
1176
164
144
1243
1244
156
1204
1204
1204
1204
1204
1204
1204
1204
1204
1204
1205
1205
1205
1205
157
1128
1128
1128
1128
1128
1128
1128
153
112
1516
1516
848
1175
1175
1176
1176
151
389
163
1032
1032
1032
1033
1078
1078
161
116
1031
1031
1031
1031
152
92
158
1187
1188
1188
157
96
147
950
950
149
92
160
1240
1241
159
92
120
167
120
92
882
882
883
156
176
68
68
109
167
1155
1155
1155
1155
1155
1155
1155
1155
1155
1155
1156
92
153
1173
1173
1174
157
157
1040
1040
1040
1040
1040
1012
1013
1013
166
1162
1162
1162
1162
1162
1163
155
112
159
72
144
1210
1076
1077
1077
154
96
153
1202
1202
1202
1202
1203
1203
1203
1203
153
154
92
1088
1088
1088
1194
1195
1195
1195
1195
161
96
159
577
1016
1016
1016
157
76
96
151
1049
1049
971
972
972
160
92
160
120
169
96
167
120
1232
1232
1232
1232
1232
1232
1233
1233
1233
1233
1233
1233
1233
1233
1233
1233
168
166
1233
1233
1233
1233
1233
1233
1233
1233
1233
1233
1233
1233
1233
1233
1233
1233
169
161
120
1233
1233
1233
1233
1233
1233
1233
1233
1233
1233
1233
1233
1233
1231
1231
1231
163
112
156
70
74
68
159
1231
1231
1231
1231
1231
1231
1231
1231
1231
1231
1231
1231
1231
1231
1231
1231
164
164
1231
1231
1231
1231
1231
1231
1231
1231
1231
1231
1231
1231
1231
1231
1232
1232
173
170
1232
1232
1232
1232
1232
1232
1232
1232
1232
1232
1232
1232
1232
1232
1232
1232
140
178
182
1232
1232
1232
1232
1232
1232
1249
1249
1249
1249
1249
1249
1249
1249
1249
1249
175
144
167
1249
1249
1249
1249
1249
1249
1249
1249
1249
1249
1249
1249
1249
1249
1249
1249
124
165
235
68
166
1249
1249
1249
1249
1249
1249
1249
1249
1249
1249
1249
1249
1249
1249
1249
1249
163
169
163
1249
1249
1249
1249
1249
1249
1249
1249
1249
1249
1249
1249
1249
1249
1249
1249
161
270
140
1249
1249
1250
1250
1250
1250
1250
1250
1250
1250
1250
1250
1250
1250
1250
1250
167
170
68
169
1250
1250
1202
1202
1202
1203
1203
1203
1203
1149
1149
1149
713
187
169
120
1177
1177
1177
1177
1177
1177
1177
1177
1177
124
92
161
72
157
157
853
854
120
156
148
164
116
163
1151
1152
1152
1152
1152
1152
1152
1152
1152
861
862
160
120
180
148
1022
1022
168
72
120
175
104
160
172
108
169
166
1237
1237
1237
1237
1237
1237
1237
1237
1237
1237
1237
1237
1237
1237
1237
1237
174
154
1237
96
1237
1237
1237
1237
1237
1237
1237
1237
1237
1237
1237
1237
1237
1237
1237
120
154
163
1237
1237
1237
1237
1237
1237
1237
1238
1229
1229
1229
1229
1229
1229
1229
1229
163
162
1229
1229
1229
1229
1229
1229
1229
1229
1230
1230
1230
1230
1230
1230
1230
1230
163
140
172
1230
1230
1230
1230
1230
1230
1202
1202
1202
1202
1202
1202
1202
1202
1203
1203
168
120
169
1203
1203
1203
1203
1203
1203
1233
1233
1234
1234
1234
1234
1234
1234
1234
1234
154
154
124
1234
1234
1234
1234
1234
158
168
184
112
120
163
164
161
70
74
68
144
162
1228
1228
1228
1228
1228
1228
1228
1228
1228
1228
1228
1228
1228
1228
1228
1228
161
92
175
1229
1229
1229
1240
1240
1240
1240
1240
1240
1240
1240
1240
1241
1241
1241
1241
171
169
168
1241
1241
1241
1241
1241
1241
1241
1241
1241
1241
1241
1241
1241
1241
1241
1241
161
124
72
163
1243
1243
1243
1243
1243
1243
1244
1244
1244
1244
1244
1244
1244
1244
1244
1244
120
167
1244
1244
1244
1244
1244
1244
1244
1244
1244
1244
1244
1244
1244
1244
1244
1244
162
157
171
1244
1244
1244
1244
1244
1244
1244
1244
1244
1244
156
124
1207
1207
1207
1207
1207
1207
1208
1208
1208
156
72
154
1206
1206
1206
1206
1206
1206
1206
1206
1206
1206
1207
116
1225
1225
1225
1225
1225
1225
1225
1225
1226
1226
1226
1226
153
158
167
124
120
1206
1206
1206
1206
1206
1206
1206
1206
1206
173
157
1233
1233
1233
1233
156
151
120
161
104
120
159
151
153
160
308
1152
1152
1152
1152
1152
1152
159
1152
1152
1152
1152
1100
1101
1101
1101
1101
92
145
144
1192
1192
1192
1192
1192
1193
1193
154
1061
1061
1062
1062
1062
155
1230
164
112
173
92
1156
1157
1157
1157
1157
176
120
1191
1192
181
1186
1186
1186
1186
1186
1187
1187
1187
173
100
157
96
1125
1125
1125
1125
1125
1125
1125
1125
1126
157
171
1192
1192
1192
1193
72
164
1176
1176
1177
171
912
913
171
1145
1145
1145
1145
1146
72
108
172
120
1213
1213
169
92
840
840
168
743
743
166
68
100
168
120
866
866
171
1066
1066
1066
1067
1067
175
1185
1185
1185
1185
1185
1186
1186
70
74
68
68
167
260
158
100
1199
1200
1200
1200
1200
1200
179
999
1000
120
926
926
160
161
104
1248
1249
1249
160
1195
1196
1196
92
154
156
1201
1202
1202
1202
1202
1202
1202
1202
1202
1202
1202
1202
1202
1202
1202
1202
152
96
151
1240
1240
1241
1241
1241
1241
1241
1241
1241
1241
104
155
1213
1213
1213
1213
1214
1214
974
147
1058
1059
1059
1059
1059
1059
365
147
163
108
1115
1115
1115
1115
1115
1115
1115
171
68
157
68
157
1184
1184
1184
1184
1184
1184
1185
144
149
794
795
104
153
1222
1222
1222
1222
1222
1222
1222
1222
172
68
100
160
1150
1150
1150
1150
1150
1150
1150
1150
1151
96
68
158
747
747
150
1158
1158
1158
1158
1158
1158
1159
1159
164
120
100
155
1236
1236
1236
1236
1236
1237
1237
1050
151
96
155
1139
1139
1139
1139
1139
1139
163
998
998
96
991
992
158
902
902
902
154
148
120
956
956
100
167
1236
1237
317
152
96
155
1047
1047
1048
1048
1048
153
92
148
1219
1220
1220
156
1121
1121
1121
1121
1122
1122
96
68
173
68
150
808
809
153
783
163
100
1068
1069
1069
1069
1069
1069
1137
1137
1137
1137
1137
154
76
149
100
150
162
157
144
155
155
148
100
150
120
153
72
164
70
74
68
151
171
92
157
153
159
155
158
148
120
155
92
154
1231
1231
1231
1231
1231
1231
1231
1231
1231
1231
1231
1231
1231
1231
1231
1231
154
148
164
152
1231
1231
1231
1231
1231
1231
1231
1231
1231
1231
1231
1231
1231
1231
1231
1231
148
108
151
1232
1232
1232
1232
1232
1232
1232
1232
1232
1232
1232
1232
1232
1232
1232
156
1244
1244
1244
1244
1244
1244
1244
161
167
1244
1244
1244
1244
1244
1244
1244
1244
1244
1244
1244
1244
1244
1244
1244
164
381
92
155
132
1244
1244
1244
1244
1244
1244
1244
1244
1244
1244
1244
1244
1244
1244
1244
150
144
68
161
1244
1244
1245
1245
1245
1245
1245
1245
1245
1245
1245
1245
1245
1245
1245
163
152
1245
1245
1245
1245
1245
1245
1245
1245
1245
1245
120
1245
1245
1087
1087
1087
1087
176
173
136
1087
1027
1027
1028
1028
1028
1057
1057
1057
1058
1058
1058
184
72
1173
1173
1173
1173
1173
1173
1174
171
108
167
1244
1244
1244
1244
1244
1244
182
168
1160
1160
1160
1161
1161
160
160
108
148
1129
1130
1130
1130
157
120
157
1209
1209
1210
1210
1210
149
120
1145
1145
1146
1146
155
1205
1205
1206
1206
1206
1206
100
156
162
1133
1134
1134
1134
1134
168
100
1036
1036
1036
1036
168
159
1200
1201
1201
1201
1201
174
1151
1151
1151
1152
1152
164
1138
1138
1138
1138
1138
1139
1139
108
157
92
162
982
983
983
983
172
1169
1169
1170
1170
1170
168
144
1019
1019
1019
1019
173
120
1222
1222
1222
1222
1222
1222
1222
1223
164
108
165
72
70
74
68
166
1183
1183
1183
1184
1184
100
170
1168
1169
1169
1169
174
1044
1045
120
183
1186
1186
1186
180
1183
1183
1183
1183
1184
308
425
104
174
1088
1088
1088
1089
1089
1089
170
92
174
92
171
1218
1218
1218
1218
68
68
107
96
161
1195
1195
1195
1195
1195
1195
1195
1195
1195
166
469
737
68
747
737
68
100
99
107
100
99
68
158
103
107
154
104
170
136
651
72
72
135
600
416
345
76
174
120
1156
1157
1157
1157
1157
1157
1157
68
171
161
168
68
68
133
80
107
88
68
133
99
88
88
1143
1144
1144
1144
1144
1144
76
68
825
154
100
164
72
1209
1209
1209
1209
1209
163
164
167
1230
1230
1230
1230
1230
1230
1231
1231
100
120
174
1015
1016
1016
1001
1002
1002
1002
167
166
100
1025
1026
1026
1026
160
96
160
1176
1176
1176
1176
1176
1176
1176
1176
1176
1176
1176
157
92
144
161
1193
1193
1194
1194
1194
173
100
1120
1121
1121
1121
1121
162
1151
1152
1152
1152
1152
1152
1152
1152
156
1093
1093
1094
1094
1094
1094
158
1207
1207
1207
1207
159
108
107
80
158
115
245
1184
1184
1185
1185
1185
1185
1185
1185
439
68
142
166
272
157
696
100
158
894
894
894
151
96
99
68
68
107
103
152
1004
1004
68
1005
1005
1016
99
68
99
68
970
99
68
103
78
78
157
135
349
76
992
992
993
160
467
524
68
99
80
107
80
100
149
72
68
68
893
894
163
1141
1141
1141
1141
1141
1142
156
76
68
837
1207
1207
1207
1207
1207
1207
1207
1207
1207
1207
1207
1208
1208
1208
164
1130
1130
1130
1130
1130
1131
104
115
258
163
477
100
68
107
72
144
104
165
120
445
68
142
166
339
182
1249
1250
96
177
68
68
70
68
74
68
181
103
1074
1074
1074
1074
92
174
1028
99
68
99
99
80
107
80
165
1189
1189
1189
1189
1189
1189
1189
1189
1189
469
100
99
80
80
72
115
92
259
168
1212
1212
1212
1212
1213
1213
80
174
163
68
1195
1196
1196
1196
1196
1196
1196
1196
1196
1196
1196
166
68
305
68
107
193
482
68
115
561
68
170
1145
1145
107
107
108
161
469
80
535
80
165
100
99
80
80
260
68
176
866
99
107
68
107
1038
80
103
104
1215
1215
1215
1215
1216
1216
107
1216
1216
1216
120
171
68
166
1190
1190
1190
1190
1190
1190
1191
103
173
100
68
68
175
1239
1240
1240
1240
172
248
96
471
537
68
100
99
107
68
107
168
68
172
1223
1223
1223
1224
92
165
1181
1181
1181
1181
1181
1181
1182
1182
68
68
160
103
166
250
175
104
1181
1181
1181
1181
1181
1181
1181
1181
1181
1182
1182
1182
174
120
855
856
171
471
537
68
100
99
68
166
68
104
156
144
92
163
92
471
80
539
80
100
99
80
80
115
263
170
1248
1248
1249
1249
1249
1249
1249
1249
171
160
1075
1076
1076
1076
107
68
107
162
68
68
100
1221
1222
1222
1222
1222
162
174
320
80
1180
1181
1181
1181
1181
1181
1181
1181
169
100
68
120
171
1151
1151
1151
1151
1151
115
263
169
96
177
1207
1207
1207
1208
1208
474
68
173
1217
1217
1217
1217
1217
1218
163
68
100
171
148
76
163
473
80
342
80
100
80
99
80
115
264
166
96
1119
1119
1119
1119
1119
168
148
158
1192
1192
1192
1192
1192
1192
1192
1192
1192
1192
1192
1193
1193
1193
68
164
96
166
155
104
167
120
357
88
100
99
88
158
123
273
155
70
74
68
170
158
92
1319
80
107
167
68
120
166
476
352
68
161
100
99
68
1247
1247
1247
1247
1247
1247
1247
1247
1247
1247
1247
1247
1247
1247
1247
163
68
170
92
1247
1247
1247
1247
1247
1247
1247
1247
1247
1247
1247
1247
1247
1247
1247
92
154
162
161
1247
1247
1247
1247
1248
1248
1248
1248
1220
1220
1220
1220
1220
1220
1220
1221
175
159
1221
1221
1221
1221
1221
1221
1221
1221
1221
1221
1221
1221
1221
1221
1221
1221
169
72
140
167
1221
1221
1221
1221
1221
1221
1221
1221
1221
1221
1221
1221
1221
1221
1244
1244
166
165
1244
1244
1244
1244
1244
1244
1244
1244
1244
1244
1244
1244
1244
1244
1244
161
169
1244
1244
1244
1244
1244
1244
1244
1244
1244
1244
1244
1244
1244
1244
1244
124
164
176
1244
1244
1244
1244
1244
1244
1244
1244
1244
1244
1244
1244
1244
1244
1244
166
159
1244
1244
1244
1244
1244
1244
1244
1244
1244
1244
1244
1244
1244
1244
1244
155
120
154
1244
1244
1244
1244
1244
1244
1244
1244
1244
1244
1245
1245
1245
1245
1245
120
140
151
308
1245
1245
1245
147
1245
1245
1245
1245
1245
1245
1245
1245
1245
1245
1245
1245
159
156
1245
1245
1245
1245
1245
1245
1245
1245
1245
1245
1245
1245
1245
1245
1245
154
166
195
160
144
1245
1245
1245
140
1245
1245
1245
1211
1211
1211
1211
1211
160
179
108
162
1215
1216
1216
1216
1216
107
72
72
164
416
345
112
156
166
157
150
100
76
149
120
1200
1200
1201
157
68
155
96
1122
1122
1123
154
76
68
585
150
146
158
145
92
1269
68
155
381
155
1205
1205
1205
1205
1205
1206
1206
1206
1206
1206
1206
1206
1206
1206
1206
142
545
177
107
68
103
107
148
150
1468
68
2868
80
152
148
150
155
152
68
160
108
1204
1204
1204
1204
1204
1204
1204
1204
1204
1204
1204
1205
1205
1205
158
158
138
499
104
107
68
155
107
153
120
120
156
1468
68
166
160
160
1130
1130
1130
1130
1131
1131
152
150
70
74
68
68
149
151
1228
1228
1228
1229
109
108
155
159
68
1087
1088
1088
1088
154
159
100
149
158
154
159
92
151
68
153
993
994
994
994
148
148
144
154
156
72
154
96
153
381
151
150
1192
1192
1192
1193
1193
1193
155
151
148
153
152
153
96
153
151
156
149
1168
1169
151
1398
68
167
155
153
96
142
166
153
154
1159
151
150
109
146
151
120
1244
1244
92
154
159
1468
774
Who
192.168.1.103
1016
99
68
68
99
179
151
120
1137
1137
1137
155
92
152
Who
147
1137
1137
1137
150
192.168.1.101
155
153
92
68
157
1066
319
99
68
107
1133
1133
1133
1134
1134
1134
107
1134
1134
1134
148
92
165
166
147
158
1468
462
175
157
1132
1132
1132
1132
1132
100
171
154
1209
1209
1209
1210
1210
1210
1210
168
160
68
68
96
165
163
1203
1203
1203
1204
1204
1204
281
68
68
163
351
153
96
168
155
96
176
161
1115
1115
178
1115
1115
1115
1115
1116
1116
157
Who
170
157
1140
1140
1140
1141
1141
1141
1071
1468
68
161
1468
80
1442
80
2868
80
144
1085
1086
1086
1086
1086
1086
1086
154
2868
1468
80
1468
1468
88
1468
1468
88
2868
1468
96
1468
1468
96
1468
1468
96
1468
1468
96
1468
96
2868
96
1468
152
96
1883
96
168
100
165
149
1163
1163
1163
1164
166
148
1468
96
1468
96
1468
96
166
1468
96
120
1468
96
151
142
606
68
1468
96
1468
96
1044
1045
1045
1045
107
282
80
68
107
1468
96
1468
96
109
2868
1468
80
165
108
149
173
151
172
92
151
68
1082
1083
1083
1083
1083
1083
72
173
1468
68
107
150
161
152
1112
1113
1113
1113
1113
166
151
369
120
164
149
68
158
100
1237
1238
1238
1238
150
151
70
154
74
68
158
151
981
981
981
982
96
167
152
165
154
156
72
150
96
164
151
173
351
1146
1147
1147
1147
1147
148
168
149
109
144
158
148
157
148
100
165
149
158
155
1468
920
161
154
92
404
107
175
149
164
1147
1147
1147
1147
1147
157
154
154
92
149
151
68
1258
80
1468
80
1143
1144
1144
1144
1144
1144
1144
354
107
80
80
150
149
72
153
151
1516
1516
1283
80
920
154
389
152
104
162
153
1170
1170
1170
1171
1171
154
149
155
72
152
80
120
148
166
160
96
194
1468
68
164
1468
151
1134
1134
1134
1134
1135
2868
80
1468
80
1468
80
151
154
1468
1468
80
148
1468
88
1468
1468
1203
1203
1203
1203
96
1204
1204
153
157
1468
1468
96
164
153
1468
1468
96
1117
1117
1117
1117
1117
1117
1118
1118
165
154
1468
1468
96
1468
1468
96
100
2868
96
2868
96
164
154
1468
96
2868
96
1468
96
1468
96
1468
96
1234
1234
156
1234
1235
1468
88
1235
1235
1235
1235
1235
1235
1235
2868
88
149
2868
80
104
1468
80
1468
80
156
2868
80
68
68
68
148
109
2868
80
1468
144
1468
1149
1149
1149
1149
1149
1149
1149
1150
1150
80
157
154
100
157
1468
68
158
1468
80
1468
80
163
1468
88
1468
152
88
1468
100
96
1468
1468
96
157
1468
154
96
107
68
107
1468
1468
103
96
167
157
1124
1124
1125
1125
1125
1125
1468
96
1468
96
166
1468
96
1468
150
96
2868
96
1468
96
1468
96
166
151
2868
96
1060
1060
1060
1060
1061
1061
1468
96
167
1468
96
154
1468
96
1468
96
1468
96
1468
1468
68
96
164
100
1111
1111
1111
1111
1111
1112
1112
1112
150
76
161
1468
1468
96
147
1468
1070
1070
1071
1071
1071
1071
96
1468
96
154
2868
96
154
96
1468
96
104
1468
88
142
1468
88
154
1468
80
1468
88
151
1468
88
2868
88
96
152
150
1468
1468
157
88
1468
88
1468
88
1468
88
148
1468
1468
88
158
1468
80
1468
80
163
150
1468
80
1468
80
120
1468
68
148
1468
80
1468
80
147
272
1468
80
1468
80
151
154
92
1468
88
1468
88
152
1468
120
88
70
74
68
153
1468
1468
88
1468
72
88
140
152
1468
88
1468
80
1468
80
119
1468
80
148
1468
80
68
1468
80
1468
80
1268
120
68
1468
80
1468
68
1468
115
1468
68
1468
2868
68
92
1468
1468
68
152
149
145
1468
80
152
1468
80
1227
1227
1227
1227
1227
1227
1227
1227
1227
1227
1227
1227
1227
1227
1227
1468
80
1468
80
68
87
87
1468
80
161
387
173
76
1468
80
1468
1468
80
1468
1468
80
154
1227
1227
1227
1227
1227
1227
1227
1227
1227
1227
1227
1228
1228
1228
1228
148
108
1468
88
1468
88
1468
80
1228
1228
1228
1228
1228
1228
1228
1228
1228
1228
1228
1228
1228
1228
1228
76
68
68
68
855
1468
88
149
140
1468
88
1468
88
1468
124
1468
88
148
1468
88
1228
1230
1230
1230
1230
1230
1230
1230
1230
1230
1230
1230
1230
1230
1230
1230
2868
88
155
123
1468
88
1468
88
1468
80
153
68
454
68
142
166
1468
275
124
153
1468
88
1468
88
1468
88
1230
1230
1230
1230
1230
1230
1230
1230
1230
1230
1230
1230
1230
1230
1230
1468
96
153
1468
96
1468
1468
96
1468
96
1468
1468
96
1468
1468
96
153
1230
1230
1230
1231
1231
1231
1231
1231
1231
1231
1231
1231
1231
1231
2868
96
160
1046
99
68
99
1468
88
1468
80
1468
88
1468
88
2868
88
151
1468
1468
88
77
77
107
80
384
564
99
80
80
68
107
348
134
76
1468
80
1468
80
1468
80
124
149
2868
1249
1249
1249
1249
1249
1249
1249
1249
1249
1249
1249
1249
1249
1249
1249
80
1468
80
153
152
2868
68
1468
80
68
1468
80
1468
80
1468
120
80
1249
1249
1249
1249
1249
1249
1249
1249
1249
1249
1249
1249
1249
1249
1249
1468
80
158
68
1468
1468
88
76
68
835
1468
144
88
153
2868
88
1468
88
1249
1249
1249
1249
1249
1249
1249
1249
1249
1249
1249
1249
1249
1249
1249
158
124
1468
88
1468
88
1468
88
157
2868
88
1468
80
1468
80
1468
80
1468
80
1468
68
2868
154
1249
1249
1249
1249
1249
1249
68
1249
1249
1249
1249
1249
1249
1249
1249
1249
1468
444
68
142
2868
68
166
689
1468
154
1249
1249
1249
1249
1249
1249
1249
1249
1249
1249
1249
1249
1249
1249
1249
163
1468
68
1468
1468
68
1468
1468
68
72
1468
155
160
108
1468
68
1468
1468
68
136
152
1249
1249
1249
1249
1249
1249
1249
1249
1249
1249
1249
1249
1249
1249
1249
2868
80
1026
1468
80
99
1468
80
99
1468
640
1468
2868
2868
80
68
68
152
2868
80
1468
1468
88
80
1468
88
2868
88
1468
88
2868
149
80
1249
1249
1249
1249
1249
1249
1249
1249
1249
1249
1249
1249
1249
1249
1249
2868
88
1468
1468
88
161
1468
88
2868
152
96
1468
96
1468
88
1468
1468
88
96
1249
1249
1249
1249
1250
1216
1216
1216
1216
1217
1217
1088
1088
1088
1089
2868
1468
96
1468
1468
151
96
2868
124
96
2868
96
2868
96
953
96
2868
96
1468
1468
96
155
1468
96
1468
1468
1468
96
1089
1085
1468
96
2868
96
2868
96
147
1468
96
1468
96
108
1468
96
1468
88
1468
96
1468
96
149
144
148
100
1468
96
1468
96
1468
80
119
152
1468
96
166
1492
96
1468
96
1468
88
165
1468
88
1468
80
1468
68
176
1468
68
171
92
1468
1468
68
2844
634
68
107
158
160
120
120
768
768
162
166
160
1106
70
1107
1107
1107
74
68
92
160
177
75
75
146
440
495
161
96
173
174
1021
1021
1021
1021
172
178
120
1060
1060
1060
1061
68
68
169
96
1069
1070
1070
1070
174
767
1468
68
1468
2868
68
1468
1468
68
2868
92
1468
80
166
1468
80
1132
80
166
92
92
161
107
156
1213
1213
1213
1213
1214
1214
144
164
1468
68
107
158
1191
1191
1192
1192
1192
1192
80
159
100
281
172
351
163
68
169
1082
1083
1083
1083
167
271
68
100
160
120
155
149
160
153
1227
1227
1228
1228
1228
1228
1228
1228
1228
163
150
100
109
155
120
1234
1234
1234
1234
1234
1234
1235
1468
308
153
1468
1136
68
164
162
108
1468
423
153
68
151
68
1194
1194
1195
1195
1195
1195
1195
1195
1195
1195
1195
1195
1195
1195
1195
149
768
710
68
100
99
107
68
107
92
68
155
172
1468
68
1468
1468
68
159
1195
1195
871
872
92
72
158
1185
1185
1185
1185
1186
1186
148
1468
80
1468
80
108
155
68
1468
80
1154
1154
1155
1468
1155
1155
1155
1155
1155
80
154
2868
80
866
867
168
1468
80
160
1014
1014
1015
1468
80
1468
1468
88
2868
80
156
1468
80
1468
88
1468
88
108
1041
1042
1468
1468
88
154
2868
88
92
1468
88
147
1086
1086
1468
96
152
144
1468
88
1468
80
171
1053
1053
1054
2868
88
1468
88
1468
96
88
162
120
156
1199
1199
1199
1199
1199
1199
1468
80
1468
88
1468
80
154
1468
80
152
2868
88
70
74
68
1468
88
1468
88
100
150
149
1468
80
1243
1244
1244
1244
1468
80
1468
80
156
1468
80
1468
80
1468
68
1468
1468
68
1232
1232
1232
1232
1232
1232
1233
1233
1233
155
1468
1468
68
158
148
1468
1468
68
151
1073
1074
1074
1074
1074
1074
1468
96
1468
68
157
1468
722
157
1468
80
1468
80
148
147
2868
80
154
1140
1140
1140
1140
1140
1468
1468
80
163
72
108
1468
1468
80
160
1180
1180
1180
1180
1180
1180
2868
68
1468
1468
68
157
2868
80
154
1125
1125
1125
1125
1126
1126
1126
154
2868
80
1468
80
1468
80
158
2868
80
104
151
1468
80
1468
68
155
1071
1071
1071
1072
1072
1072
1468
80
1468
80
160
1468
80
1468
80
160
72
156
1468
68
144
166
120
1468
80
1468
80
104
1468
80
163
1468
80
157
1468
80
1468
80
164
308
1178
1468
80
1468
80
1179
1179
1179
1179
1181
72
154
1468
1468
80
2868
80
154
1468
80
1468
80
96
155
1468
80
168
842
843
1468
68
168
1468
1468
68
1468
1468
68
1468
153
1127
1127
1127
1127
1127
1127
1128
1468
68
156
152
1468
100
150
2868
80
147
1468
80
1468
80
157
120
714
715
155
159
1468
88
100
1190
1190
1190
1190
1190
1190
1191
1191
162
1468
88
1468
80
1468
80
152
1468
80
76
149
100
1468
68
147
1468
1232
1232
1232
1232
1233
1233
1468
68
151
1468
80
153
159
1468
80
1168
1168
1169
1169
1169
1169
1169
1169
1169
1169
168
92
1468
80
1468
88
161
120
1468
80
100
157
2868
80
162
144
156
2868
80
70
74
68
1468
68
155
1468
1468
68
153
1468
1468
68
1195
1195
1195
1195
1195
1195
1195
1195
1196
1196
1196
1196
1196
154
72
104
541
107
150
160
155
154
68
84
84
158
171
384
76
104
153
1234
1234
1234
1234
1234
1234
1234
1234
1234
1234
1234
1234
1234
1235
1235
151
162
1235
1235
1235
1248
1248
1248
1248
1248
1248
1248
1248
1248
1248
1248
1248
1248
1248
1248
169
167
154
149
108
176
1248
1248
1248
1248
1248
1248
1248
1248
1248
1248
1248
1248
1248
1248
1248
162
167
164
1269
68
164
156
1248
1248
1248
1248
1248
1249
1249
1249
1249
1249
1249
1249
1249
1249
1249
160
147
161
162
1249
1164
1164
1164
1165
1165
1165
1165
1165
1017
1017
1018
1018
124
179
153
76
163
281
164
166
149
76
68
585
351
104
120
120
1032
1032
180
145
178
146
170
154
1222
158
152
1053
1053
1054
1054
155
151
976
977
166
108
149
610
168
149
167
68
155
160
108
96
1185
1185
168
160
109
68
162
163
144
160
165
92
1229
1229
1230
1230
164
76
68
585
155
162
151
68
68
1516
80
1193
3587
406
80
80
77
80
161
1193
1194
1194
1194
152
155
157
171
148
96
1219
1219
1220
1220
1220
1220
1220
164
150
92
158
72
156
1236
1236
1236
1237
1237
1237
1237
1237
1237
1237
1237
154
144
151
155
155
149
116
1201
1201
1201
1202
1202
1202
1202
1202
1202
1202
1202
72
159
120
143
163
149
120
1229
1229
1229
1229
1229
1229
1229
1229
170
150
163
1173
1173
1173
1173
1173
68
1173
1173
1173
1173
1173
1173
1173
1173
1173
151
181
68
2964
68
2139
406
77
68
68
68
120
167
194
147
173
381
683
112
181
68
164
194
147
1235
1235
1235
1235
1236
1236
1236
1236
1236
1236
1236
1236
1236
1236
1236
151
165
100
70
74
68
164
153
1117
1117
1117
1117
1117
165
149
104
150
145
1073
1073
1073
1073
1073
165
157
154
152
1174
1174
1174
1174
1175
1175
1175
1175
1175
1175
156
159
100
844
845
154
157
166
155
749
750
155
155
160
155
108
161
151
68
188
188
68
106
106
68
440
68
1007
1190
1190
1191
153
188
68
119
137
162
68
153
152
157
144
152
92
172
153
68
164
151
172
1248
1249
1249
1249
1249
1249
1249
1249
1468
80
164
151
1468
80
1468
80
166
857
80
153
1468
399
168
147
100
173
149
173
1468
68
152
107
68
170
150
120
168
741
109
80
150
100
88
170
152
68
171
154
1247
1247
1247
1247
1247
1247
1247
1247
1247
1247
1247
1247
1248
1248
1248
92
168
152
68
154
155
144
80
109
68
159
152
104
159
150
120
160
154
159
156
99
1147
1147
1148
1148
1148
1148
1148
1148
1148
1148
157
156
165
148
68
158
92
1157
1157
1157
1157
1158
1158
1158
1158
147
156
150
149
149
153
150
151
963
153
148
1193
1193
1193
1193
1193
1193
1193
1193
1193
1193
1193
1193
1194
1194
1194
149
156
152
112
154
148
155
148
104
870
870
68
157
144
152
151
173
751
68
68
156
107
68
107
149
144
148
151
145
152
137
150
68
120
72
124
96
122
156
1268
68
154
115
154
70
74
68
153
156
160
120
96
967
968
968
968
168
157
151
92
894
894
894
163
158
164
1038
1039
1039
159
155
149
96
996
996
997
152
150
151
96
160
156
151
76
76
147
441
81
81
165
1468
626
131
345
76
166
156
96
160
120
1161
1161
1161
1162
1162
1162
1162
159
68
68
76
68
843
154
156
1127
1468
68
103
1468
1468
68
1468
2868
68
156
1172
2868
1172
1172
1172
1172
1172
1173
1173
1173
68
1173
1173
1173
2868
68
2868
68
536
107
156
448
68
142
166
100
156
1124
1124
1124
1124
1124
1125
1125
1125
100
158
68
150
1136
1136
1136
1137
1137
1137
68
1468
1468
1034
99
68
304
154
156
1183
1183
1183
1184
1184
1184
1184
1184
1184
155
156
108
68
1124
1124
68
153
96
1468
840
107
80
80
156
1240
1240
1241
1241
144
161
155
155
96
156
165
309
68
107
155
76
157
152
92
159
155
159
120
158
1245
1245
1245
1245
1245
1245
1245
1246
1246
1246
1246
1246
160
92
167
70
74
68
159
1236
1236
1236
1236
1236
1236
1236
1236
1236
1236
1237
1237
1237
1237
1237
158
158
979
68
153
157
107
120
165
1235
1235
1235
1235
1235
1235
1235
1235
1235
1235
1235
1235
1235
1235
1235
120
169
153
164
1235
1235
1235
1235
1235
1235
1235
1235
1235
1235
1235
1235
1235
1235
1235
159
157
151
130
163
68
147
1235
1235
1235
1235
1235
1235
1235
1235
1235
1235
1235
1235
1235
1235
1235
1468
1468
96
271
170
108
155
162
155
1235
1235
1235
1235
1236
1236
1236
1236
1236
1236
1236
1236
1236
753
754
799
144
157
156
68
68
68
162
800
1023
1023
1234
1234
1235
1235
158
160
136
153
170
947
192
240
68
107
107
147
169
92
165
72
1059
1060
1060
1060
1060
159
962
962
154
68
155
160
176
104
1215
1215
1216
120
167
177
163
169
169
161
153
1107
1107
1108
1108
1108
162
166
1203
1204
1204
1204
169
169
158
693
693
100
155
1035
1036
166
160
162
120
908
96
155
158
152
160
108
156
1136
1137
1137
1137
1137
153
92
150
1161
1162
1162
151
155
767
154
170
975
147
165
982
982
982
982
150
100
169
712
281
147
159
746
150
158
351
96
151
88
151
149
157
153
1061
1061
161
166
150
1209
1210
1210
163
1231
1231
1231
1231
1231
150
158
153
96
149
152
160
144
150
152
166
156
100
162
158
167
109
1007
1007
1007
1007
152
92
148
151
120
148
170
518
157
96
174
152
68
1249
1250
1250
1250
1250
164
70
74
68
1200
1201
1201
1201
1201
1201
1201
92
152
164
401
120
383
161
167
147
174
104
146
381
165
153
162
153
827
827
155
92
155
162
153
169
1188
92
154
153
162
155
1040
1041
1041
1041
1041
92
159
152
149
1046
1046
1046
141
1046
154
163
798
151
277
167
147
175
100
151
170
92
152
163
1167
1167
1167
1167
1167
154
1180
1180
150
163
175
1238
1239
1239
1239
1239
1239
1239
1239
1239
1239
1239
149
164
146
100
159
148
1140
1140
1140
1140
1140
1140
1140
1140
1140
1141
154
160
1209
1209
1209
1210
1210
1210
1210
120
1210
100
151
169
148
1056
1056
1057
1057
1057
148
144
648
154
182
164
308
1206
116
1206
155
1206
1206
162
1206
1206
154
140
1207
88
1206
1206
1206
1206
1206
1207
151
159
990
990
990
990
151
871
161
157
100
162
1226
1226
1226
1226
1226
1227
1227
1227
151
100
164
158
156
1197
1197
1197
1197
1197
1198
1198
1198
1198
141
160
155
68
155
153
1232
1232
1232
1232
1232
1232
1232
1232
1233
1233
153
852
153
153
151
778
112
68
68
153
467
150
100
149
116
160
151
142
92
151
160
381
1196
1196
72
154
959
88
147
285
152
158
153
157
72
169
148
153
96
165
151
170
154
92
172
959
153
92
145
173
120
152
168
153
148
172
92
155
144
1246
1246
178
109
70
74
68
92
152
1229
153
173
153
152
173
171
167
164
153
96
161
160
157
148
1076
1076
1077
92
332
168
151
161
155
158
156
888
92
161
1074
1074
1074
156
166
1065
149
167
381
198
151
172
154
96
165
148
88
170
153
150
170
152
1200
1200
1200
1114
1115
154
152
168
92
964
965
965
151
167
144
894
895
151
156
96
1042
1042
1042
1043
1043
152
679
157
787
152
157
109
153
158
104
120
96
1244
1244
1244
1244
1245
1245
149
166
154
161
152
1126
1126
1126
1126
1126
1127
1127
522
96
169
92
168
154
407
154
155
100
152
1241
1242
1242
159
151
1007
1007
1008
88
158
228
157
151
72
161
157
144
96
147
141
149
72
149
148
148
971
972
972
972
377
153
92
157
122
145
161
391
153
96
118
147
132
1153
1153
1154
157
92
1075
1075
1075
120
375
156
155
145
1204
1204
1204
1204
1204
1204
1204
1204
1204
1204
1204
1204
1205
156
151
116
96
632
117
76
156
120
115
151
100
115
151
92
159
369
1216
1216
1217
1217
1217
1217
1217
1217
1217
1217
1217
1217
1217
158
120
164
1240
1240
1240
1240
1240
1240
1240
1240
1240
1240
1240
1240
1240
1240
1240
148
152
108
70
74
68
1240
1240
1240
1240
1240
1240
1240
1240
1240
1240
1240
1240
1240
1240
1240
161
160
152
1240
1240
1240
1240
1240
1240
1240
1240
1240
1240
1240
1240
1240
1240
1240
151
152
1240
1240
1240
1240
1240
1240
1240
1240
1249
1249
1249
1249
1249
1249
1249
124
162
109
156
1249
1249
1249
1249
1249
1249
1249
1249
1249
1249
1249
1249
1249
1249
1249
152
150
1249
1249
1249
1249
1249
1249
1249
1249
1249
1249
1249
1249
1249
1249
1249
152
147
140
1249
1249
1249
1249
1249
1249
1249
1249
1249
1249
1249
1249
1249
1249
1249
160
1516
1516
1516
343
152
389
1249
1249
1249
1249
1249
1249
1249
1249
1249
1249
1249
1249
1249
1249
1250
161
156
152
1250
1250
1066
1066
1067
594
968
968
969
725
725
1151
1151
1151
1151
1151
1151
1151
124
161
160
1214
1215
1215
913
913
1059
1060
1118
1118
1118
673
674
1026
1027
928
1213
108
162
716
717
152
681
682
112
151
148
894
894
895
120
100
152
961
962
160
899
900
900
156
68
68
68
68
719
720
109
151
1104
1104
150
144
104
159
1154
1154
161
92
683
684
165
718
160
108
168
96
175
1046
1046
1047
1047
1037
1037
173
169
681
92
692
172
678
166
100
169
950
68
894
894
894
165
92
120
687
158
743
173
96
166
942
942
1070
1070
1071
88
158
149
161
143
156
72
156
96
214
156
154
999
1000
1000
120
92
163
247
170
120
424
166
96
70
74
68
161
804
804
1131
1131
1132
88
160
401
187
1468
667
161
154
167
148
96
174
149
144
166
88
148
68
169
68
107
1138
1138
1138
92
179
328
164
68
163
434
96
169
161
92
164
1247
1247
1247
1247
1248
1248
1248
107
80
139
754
236
80
80
80
169
115
161
1090
1090
1091
1091
1091
163
281
351
157
1206
100
160
68
101
68
107
169
271
68
96
122
68
166
157
150
1174
1174
1174
1174
1174
1174
1175
1175
1175
1175
1175
1175
1175
1175
120
68
150
126
68
161
167
92
164
109
167
178
120
1240
1240
1240
1240
1240
1240
1240
1240
1240
1240
1240
1241
1241
1241
1241
68
170
165
108
1241
1241
1241
1241
1241
1241
1241
1241
1241
1241
1241
1241
1241
179
171
169
166
1222
1222
1222
1222
1222
1222
1222
1222
1222
1222
1222
1222
1222
1222
1222
171
120
178
1222
1222
1222
1222
1222
1222
1222
1222
1222
1222
1222
1222
1222
1222
167
172
171
169
124
166
1219
1219
1220
1220
1220
163
155
72
167
96
1246
1246
1246
1246
1246
1246
1246
1246
1247
1247
167
164
1163
1163
1163
1163
1163
1164
1164
1164
1164
1164
1164
1164
171
100
120
167
906
906
906
144
709
709
160
100
155
70
74
68
162
1184
1184
1184
1184
1185
1185
1185
1185
1185
1185
1185
1185
96
167
164
1214
1214
1214
1214
1214
1214
1215
1215
1215
1215
1215
1215
1215
1215
1215
157
1192
156
165
120
1226
1227
1227
1227
175
170
171
173
1218
1218
1218
1218
1219
1219
1219
1219
172
96
160
92
172
96
171
144
162
164
1151
1151
1152
1152
1152
1152
1152
1152
1152
1152
169
162
139
107
68
68
107
92
155
167
1124
1124
1125
1125
1125
1125
1125
1125
1125
68
162
165
72
120
120
161
160
72
156
68
132
68
112
103
1107
1108
1108
1108
1108
1108
166
157
153
68
96
1165
1166
1166
1166
1166
1166
1166
1166
152
157
166
1229
1230
160
154
100
155
1140
1140
1140
1140
1140
1140
1140
1140
1140
158
150
68
146
1091
1091
1091
1091
1091
1091
1092
154
104
174
152
144
68
169
1144
1145
1145
1145
159
68
162
1269
68
166
177
153
1089
1089
1090
1090
1090
1090
1090
100
153
174
68
159
151
1068
1068
1068
1068
76
166
853
853
151
1120
1120
1120
1121
68
166
154
104
151
164
157
150
120
1171
1171
1171
1171
1171
1171
1171
1171
1171
1171
1171
1172
1172
96
120
158
150
68
158
1193
1193
1193
1193
1193
1193
1193
1193
1193
1193
1193
1193
1193
1194
151
163
155
169
70
74
68
159
1232
1232
1232
1232
1232
1232
1232
1232
1232
1232
1232
1232
1232
1232
1232
170
157
120
174
154
172
1233
1233
1233
1233
1233
1233
1090
1090
1091
158
154
170
170
151
1207
1207
112
168
149
1121
1122
1122
165
147
96
161
150
159
92
152
144
147
154
1172
1173
1173
1173
1173
157
152
155
156
160
153
96
172
1190
1190
1191
154
156
168
155
992
992
992
993
159
92
163
154
96
160
158
169
1231
1231
1232
1232
152
166
281
151
164
1150
1151
1151
1151
150
351
120
162
149
120
167
148
104
1199
1199
1199
1199
170
147
149
174
1167
1167
1168
1168
1168
1168
150
168
1115
1115
1116
1116
1116
1116
1116
1116
158
149
308
1217
1218
164
1218
1218
108
1218
151
1220
910
163
154
160
108
1194
1194
1194
1195
166
156
1148
1148
1148
1149
1122
1123
1123
1123
1123
1123
158
109
161
112
171
151
1063
1063
1063
169
151
100
1095
1095
1095
1095
1096
160
151
1046
1046
1046
1046
1047
68
153
160
148
151
158
1110
1110
1111
1111
1111
1111
100
165
151
92
1174
1174
1175
162
157
144
1076
1076
1076
1076
1076
1076
148
161
72
155
1118
1118
1118
1118
1118
1119
1119
1119
161
152
982
982
982
983
112
150
154
156
146
96
902
903
903
147
1208
1208
1209
148
148
146
1204
1205
1205
1205
1205
1205
148
151
100
152
159
1000
1001
120
96
161
150
1130
1130
1130
1130
1130
148
165
1220
1220
1220
162
161
160
70
74
68
160
1029
1030
1030
158
100
156
159
153
1053
1053
1054
160
120
158
92
1057
1057
1058
148
156
155
155
1082
1082
1082
149
149
96
1148
1149
151
155
1143
1143
1144
1144
92
149
159
1165
1165
153
157
92
919
919
920
154
135
120
1145
1145
1145
153
120
1268
68
152
115
100
162
144
1144
1144
1144
155
155
1071
1071
1071
156
158
1201
1201
104
149
1249
1249
171
92
1223
1224
1224
1224
1224
165
877
877
878
164
120
1086
1086
1087
175
120
175
100
1192
1192
1192
173
1143
1143
1143
1144
92
169
890
891
891
159
1021
1021
173
96
170
92
1064
1064
1064
1064
163
1231
1232
182
1016
168
96
162
100
1181
1181
1181
1182
1182
1182
156
664
167
144
871
165
166
1111
1111
100
153
1087
1087
1087
1088
409
168
438
161
457
165
100
68
169
172
974
975
975
92
68
174
435
171
393
164
96
156
1173
120
178
1095
1095
1096
174
257
172
358
120
70
74
68
182
283
100
170
88
160
163
1135
1135
1136
1136
1136
1136
1136
88
399
165
365
72
162
162
100
1177
1177
1178
158
1026
1027
1027
1027
157
396
153
333
149
169
169
100
152
1012
1012
1012
1013
150
169
92
148
241
147
96
233
162
1102
1102
1103
1103
88
165
169
156
170
158
96
149
1082
1082
1082
1082
1082
1083
151
253
120
159
262
160
100
156
88
151
169
153
152
92
154
962
963
151
151
165
156
144
156
92
1083
1083
1084
153
156
1186
1187
151
151
894
894
895
162
96
164
158
621
154
156
1034
1035
1035
151
96
76
150
151
1168
1168
1168
161
72
120
158
514
152
100
150
151
70
74
68
88
152
1235
1235
1235
1235
1235
1235
1236
1236
1236
1236
1236
1236
1236
1236
154
159
1236
1236
1236
1236
1236
1236
1236
1229
1229
1229
1229
1229
1229
1229
1229
1230
1230
1230
1230
168
161
108
1230
1230
1230
1230
1230
1230
1230
1230
1230
1230
1230
1161
1161
1161
155
157
144
1162
1162
1162
1162
1162
987
987
987
987
153
152
1043
1044
1044
1044
120
149
157
124
160
1212
1213
1213
1213
162
1081
1081
1082
1082
1082
161
152
72
1172
1172
1172
1172
158
112
158
154
96
148
167
166
160
1225
1225
1225
1226
1226
1226
148
120
155
153
92
1170
1170
1171
1171
1171
154
149
156
153
1022
1022
1022
1022
1023
158
159
160
108
104
1194
1194
1194
1194
1194
156
158
160
100
163
1118
1118
1119
1119
1119
154
154
170
1187
1187
1187
1187
171
1171
1172
1172
1172
154
100
1141
1141
1141
1142
1142
1142
160
152
96
1006
1006
1007
1007
147
1003
1003
1003
1004
96
156
1242
1242
1242
1242
1242
155
144
1227
1227
1227
1227
159
72
104
156
1238
1239
1239
160
92
1212
1212
1212
1212
120
153
1152
1152
1152
1153
1153
1153
154
151
96
1125
1126
1126
1126
1126
70
74
68
157
96
1162
1162
160
156
1090
1090
1090
1090
1090
1091
163
1140
1140
1140
1141
1141
1141
1141
163
303
153
104
120
1113
1113
1113
1114
1114
1114
153
96
1089
1090
1090
1090
1090
153
161
96
1040
1041
156
92
92
1047
1048
161
154
1248
1249
1249
1249
1249
158
1242
1242
1243
1243
156
1240
1241
1241
1241
1241
1241
1241
1241
155
100
763
764
96
162
1249
1249
1250
1250
92
1250
1250
157
96
1059
1059
1059
1059
1059
1060
149
96
160
1018
1018
1019
1019
163
96
1139
1139
1139
1140
163
1157
1157
1157
1157
1157
155
1144
1145
1145
1145
1145
1145
1145
120
155
1104
1105
1105
1105
1105
1105
150
104
155
149
1042
1042
1042
1042
1043
104
162
144
1157
1158
1158
1158
1158
1158
152
161
166
104
1247
1247
1247
1247
1247
1247
1247
1247
1247
1247
1248
1248
1248
1248
165
149
1216
1216
1217
1217
1217
1217
1217
1217
1217
1217
1217
164
164
159
48
120
1040
1040
108
161
157
1240
1240
1240
1240
1240
1240
1240
1240
1240
1240
1240
1240
1240
1240
104
154
157
1241
1241
1241
1241
1241
1241
1241
1241
1241
1241
1241
1241
1241
1099
1099
1099
152
153
169
1099
1099
1099
1099
1163
1163
1163
1163
1163
1224
1224
1224
1224
1224
1224
1224
1224
167
124
156
1224
1224
1224
1224
1225
1225
1225
1174
1174
1174
1174
1174
1174
1174
92
155
160
72
162
1174
1175
1175
1175
1227
1227
1227
1227
1227
1228
1228
1066
1067
108
120
167
1108
1109
1109
1109
1109
153
100
150
1218
1218
1218
1218
1218
1219
1219
157
70
74
68
104
160
144
152
72
96
160
1221
1221
1221
1221
1221
1221
1221
1221
1221
1221
1221
1221
1221
1221
158
62
150
1221
1221
1221
1221
1221
1221
1221
1221
1221
1221
1222
1222
1222
1222
159
157
1085
1085
1086
1086
1086
1086
959
959
1120
1120
1121
1121
108
164
1198
1198
1198
1198
1199
1199
1199
1199
154
120
154
112
1199
1199
1135
1135
1135
1135
1135
1135
1135
1135
1135
1136
1187
1187
1187
1187
1187
155
158
152
1187
1187
1187
1132
1133
104
1245
153
151
108
174
1162
1162
1162
1162
1162
1163
1163
1163
1163
1163
1163
1234
1234
1235
162
155
1163
1163
1163
1163
1164
1164
1164
1164
1164
1164
1164
158
108
144
1108
1108
1108
1108
1108
1109
1109
1109
165
100
169
120
152
1235
1235
1235
96
153
158
1231
1231
1231
1231
1231
1231
1231
1231
1231
1231
1231
92
1150
1150
1150
1150
1150
1150
1150
1151
161
92
160
120
151
1151
1130
1131
1131
1161
1161
1161
1161
1161
1161
1161
1162
1162
308
1207
1207
171
1207
1207
1207
1208
159
62
112
1184
1184
1184
1184
1184
1185
1185
154
154
108
120
1071
1072
1072
1072
1072
157
972
973
96
167
149
1204
1204
1204
1204
1204
1204
1204
1204
1204
1204
1204
1204
1204
1205
1205
1205
96
154
163
1205
1205
1205
1205
1205
931
1237
1237
1237
1238
1238
1238
1238
1238
1241
1241
1241
1241
1241
1241
1241
165
151
92
1241
1241
1241
1241
1241
1241
1242
1242
1242
1242
1242
1144
1144
1144
1144
1144
153
120
381
151
1150
1150
1151
1151
1151
1151
1151
1159
1159
1159
1159
1159
1159
1159
151
108
158
72
1151
1151
1151
1152
1152
1152
1152
1152
160
108
162
120
1063
1064
1064
1064
1064
76
1166
1167
1167
1167
96
161
179
156
120
100
154
144
1246
1246
1246
1246
1246
1246
1246
1246
1246
1246
1246
1246
1246
1246
1246
156
163
109
1246
1246
1246
1246
1246
1246
1246
1246
1246
1246
1247
1247
1247
1247
1247
161
70
74
68
160
148
1247
1247
1247
1247
1247
1247
1236
1236
1236
1236
1236
1236
1236
1237
1237
162
108
157
148
1237
1237
1237
1237
1237
1237
1237
1237
1237
1237
1237
1237
1237
1237
1237
1237
148
148
120
151
1237
1237
1237
1237
1237
1237
1237
1237
1237
1237
1237
1237
1237
1237
1237
1249
149
140
157
1249
1249
1250
1250
1250
1250
1250
1250
1250
1250
1250
1250
1250
1250
1250
154
68
381
158
1250
1250
1250
1250
1250
1250
1250
1250
1250
1250
1250
1250
1250
1250
1250
166
170
1250
1250
1250
1250
1250
1250
1250
1250
1250
1250
1250
1250
1250
1250
1250
151
124
120
162
1250
1250
1122
1123
1123
1123
1155
1155
1155
1155
1155
1155
1156
1156
1156
1043
1043
157
152
1043
1022
1022
1022
1022
1022
1130
1130
1130
1130
1130
1131
1131
1131
1131
1146
1147
1147
161
124
120
161
1147
1147
1180
1181
1181
979
979
979
623
159
104
1065
1066
1066
154
109
155
108
120
156
1049
1049
1050
150
155
144
1222
1222
1222
1223
1223
1223
1223
1223
1223
104
158
68
1191
1191
1191
1191
1191
1191
1191
1191
1191
1191
1191
1191
1191
1191
1191
1191
163
68
1245
1245
1245
1246
1246
160
1111
1111
1112
1112
1112
1112
1112
166
1150
1150
1150
1150
1150
1151
1151
160
160
108
120
155
1222
1222
1222
1222
1222
1223
1223
1223
1223
1223
1223
1223
1223
1223
1223
1223
160
104
120
151
1223
1223
901
901
901
1147
1147
1148
1148
1148
1148
1148
152
153
1217
1217
1217
1217
1217
1217
1217
1217
1217
1217
1217
1217
1217
1217
1217
1217
148
112
162
1217
1217
1217
1217
1217
1217
1167
1167
1168
1168
1168
1168
1168
1168
1168
1168
1168
152
157
1168
1168
1048
1048
1049
1049
1049
1052
1052
1052
1053
1053
1192
1193
1193
153
120
1181
1181
1181
1181
1181
1181
1182
1182
1182
155
871
132
157
1136
1136
167
116
159
159
1226
1226
92
1226
1226
1226
1227
1227
1227
1227
1227
1227
1227
1227
1227
385
1060
1060
1061
1061
1061
152
1085
1085
1085
1085
159
973
973
973
974
120
155
1112
1112
1112
1113
150
116
147
144
1192
1192
1192
1192
1192
1193
1193
159
70
74
68
96
949
949
153
154
992
992
992
151
100
153
1205
1205
1205
1205
1205
1205
1205
1205
1205
1206
395
92
109
156
1051
1051
1051
1052
1052
1168
1169
1169
1169
1169
165
120
157
963
963
157
108
172
1100
1101
1101
96
154
1237
157
1516
1516
1492
1055
1055
172
389
96
173
157
683
684
92
1059
1060
1060
1060
151
1176
1176
1176
1176
1176
1177
156
72
120
1100
1101
1101
1101
147
96
1247
1248
1248
159
1140
1140
1140
1140
1140
1140
1140
1140
1140
100
150
155
1052
1053
1053
1053
1053
155
100
700
120
1072
1072
1072
163
1077
1077
1078
160
1136
1137
165
68
68
109
100
157
1120
1120
151
96
152
1170
1171
144
165
92
160
919
919
920
157
92
1145
1145
1145
156
1110
1111
1111
72
1058
1058
1058
1059
1059
1059
159
159
100
1148
1148
1148
1148
1148
166
164
902
903
165
1094
1095
1095
1095
1095
1095
1095
177
100
1102
1103
1103
1103
155
154
100
156
870
871
871
986
987
987
120
161
983
983
984
158
1043
161
863
863
168
104
162
1152
1152
1152
1152
1152
1152
1152
1153
155
92
689
689
96
120
159
974
975
975
161
154
100
70
74
68
151
817
817
92
152
349
1095
1095
1095
1096
1096
156
1245
1245
1245
1246
1246
1246
1246
1246
1246
1246
158
165
100
160
1246
1246
1246
1246
1246
1246
1246
1246
1246
1246
1246
1246
1246
1246
1246
1246
156
150
1246
1246
1246
1247
1247
1247
1247
1247
1247
1247
1247
1247
1247
1247
1247
1247
153
144
160
1228
1228
1228
1229
1229
1229
1229
1229
1229
1229
1229
1229
1229
1229
1229
1229
1229
120
164
163
1229
1229
1229
1229
1229
1229
1229
1229
1229
1229
1229
1229
1228
1228
1228
1228
1228
160
157
1228
1228
1229
1229
1229
1229
1229
1229
1229
1229
1229
1229
1229
1229
1229
1229
1229
161
136
149
154
1229
1229
1229
1182
1182
1182
1182
161
159
116
154
165
157
72
120
161
158
163
96
144
157
158
1230
1230
1230
1230
1230
1230
1230
1230
1230
1230
1230
1230
1230
1230
1230
1230
1230
162
157
164
1230
1230
1230
1230
1230
1230
1231
1231
1231
1231
1231
1231
1231
1231
1231
1231
1231
154
108
151
1231
1238
1238
1238
1238
1238
1238
1238
1238
1238
1238
1238
1238
1238
1238
1238
1238
156
159
1238
1238
1238
1238
1238
1238
1238
1239
1239
1239
1239
1239
1239
1239
1239
1239
1239
158
148
120
162
1239
1168
1168
1168
1168
1213
1213
1213
1213
1213
1214
1088
1088
1088
1088
1089
170
128
1231
1231
1231
148
158
162
159
1243
1243
1243
1243
1243
1244
1244
1244
158
152
120
155
1218
1218
1218
1218
1218
1218
1218
1218
1218
163
155
162
100
76
159
152
156
163
72
166
70
74
68
92
162
120
1232
1232
1232
1232
1232
1232
1232
1232
1232
1232
1232
1232
1232
1232
1232
1232
1232
162
171
1232
1232
1232
1232
1232
1232
1232
1232
1232
1232
1232
1232
1232
1232
1232
1232
1232
177
62
169
1232
1232
1232
1232
1232
1232
1232
1232
1233
1233
1233
1249
1249
1249
1249
1249
1249
108
162
169
1249
1249
1249
1249
1249
1249
1249
1249
1249
1249
1249
1249
1249
1249
1249
1249
185
175
120
1249
1249
1249
1249
1249
1249
1249
1249
1249
1249
1249
1249
1249
1249
1249
1249
173
177
1249
1249
1250
1250
1250
1250
1250
1250
1250
1250
1246
1246
1246
1246
1246
1246
144
164
163
1246
1246
1246
1246
1246
1246
1246
1246
1246
1246
1246
1246
1246
1246
1246
1246
164
176
1246
1247
1247
1247
1247
1247
1247
1247
1247
1247
1247
1247
171
167
140
158
169
144
150
281
351
162
120
271
170
68
104
173
178
168
163
168
165
1196
1196
1196
1196
1196
1196
1196
1196
1197
1197
1197
1197
1197
1197
1197
162
177
109
1210
1210
1210
1211
1211
1211
1211
1211
1211
1211
1211
1211
1211
1211
1211
1211
1211
164
120
167
1211
1211
1214
1214
1214
1214
1214
1214
1214
1214
1214
1214
1214
1214
1214
1214
1214
159
68
124
158
160
108
174
1214
1214
1214
1214
1214
1214
1214
1214
1215
1157
1157
1157
1157
1157
1157
1157
1157
164
166
1157
1158
1158
167
176
100
171
156
157
120
158
164
1187
1187
1187
1187
1187
1187
1187
1187
1187
1187
1187
1187
1187
1187
1187
1187
166
92
165
72
68
68
68
1155
1155
1155
1156
1156
1156
1156
1156
1156
1156
120
166
168
1242
1242
1242
1243
1243
1243
1243
1243
1243
1243
1243
1243
1243
1243
1243
1243
171
92
116
68
68
173
68
70
74
68
1243
1198
1198
1198
1198
1198
1198
1198
1198
1198
1199
162
158
120
153
108
149
166
170
159
120
158
104
172
171
149
1228
1228
1228
1228
1228
1228
1229
1229
1229
1229
1229
1229
1229
1229
168
158
92
165
1127
1127
1127
1128
1128
1128
1128
172
120
147
112
151
162
157
167
177
120
1178
1178
1179
1179
1179
1179
1179
1179
1179
1179
1179
1179
1179
1179
1179
166
92
167
168
1216
1216
1216
1216
1216
1216
1216
1216
1216
1216
1216
1216
1217
1217
1217
1217
1217
162
168
1217
1217
1217
1217
1196
1197
1197
1197
1197
144
176
308
1241
1241
1241
1241
167
1241
1241
1241
1241
1241
1242
1242
1242
124
120
1225
1225
1225
1225
1225
1226
1226
1226
165
158
1228
1228
1229
165
120
163
1217
1217
1217
1217
1217
1217
1217
1217
1217
1217
1217
1217
1217
1217
1217
92
161
72
155
1218
1218
1218
1218
1218
1218
1218
1218
1218
1218
1218
1218
1028
1028
1028
158
166
1029
1029
942
943
943
441
1003
1003
1003
169
72
Who
987
988
988
988
176
124
173
1009
1009
1009
160
120
100
1147
1147
1148
1148
1148
1148
1148
1148
1148
153
72
158
822
822
92
1131
1132
1132
1132
153
152
159
1220
1220
1220
1220
1221
1221
1221
1221
1221
1221
1221
1221
1221
1221
1221
104
160
120
152
1221
1198
1198
1198
1198
1199
1199
1199
1199
1199
1199
1199
1199
1199
72
155
1195
1195
1195
1195
1195
1195
1195
1195
1195
1195
1195
1195
1195
165
108
164
70
74
68
1195
1195
1195
1089
1089
1090
1090
1090
1090
162
163
160
124
160
1194
1195
1195
1195
1195
1195
1195
1195
1195
1195
1195
1195
1195
1195
1195
144
1103
1103
161
1185
1185
1185
1186
1186
92
962
963
963
160
158
116
1128
153
150
1131
1131
1131
1132
1132
155
76
92
1126
1127
1127
159
172
175
100
165
166
120
1232
1232
1232
1232
1232
1232
1232
1232
1232
1232
1232
1232
1232
1232
1232
72
163
162
148
1232
1232
1232
1232
1232
1232
1232
1232
1232
1232
1232
1233
1233
1233
1233
160
108
167
148
163
1233
1233
1233
1233
1233
1233
1233
1233
1233
1233
1233
1233
1233
1233
1233
174
120
1233
1233
1233
1233
1233
1233
1233
1233
1233
1233
1233
1233
1233
1233
1233
164
156
124
164
1233
1233
1233
1233
1233
1233
1233
1233
1234
1234
1234
1234
1234
1234
1234
171
167
1234
1234
1234
1234
1234
1234
1234
1234
1234
1234
1234
1234
1234
1234
1234
144
170
178
1234
1234
1234
1234
1234
1234
1234
1234
1234
1234
1234
1234
1234
1248
1248
182
62
167
1248
1248
1248
1248
1248
1248
1248
1248
1248
1248
1248
1248
1248
1248
1248
179
120
173
1249
1249
1249
1249
1249
1249
1249
1249
1249
1249
1249
1249
1249
1249
1249
179
163
136
158
1249
1249
1249
1249
1249
1249
1249
1249
1249
1249
1249
1249
1249
1249
1249
162
1249
1249
1249
1249
1228
1228
1228
1228
1228
1228
1228
1229
1229
1229
1229
173
174
120
170
167
1164
1164
1164
1164
1164
1165
1165
1165
170
1121
1121
167
197
159
1232
1232
1233
155
172
92
1087
171
120
76
92
120
169
165
92
159
160
70
74
68
160
1241
1241
1241
1241
1241
1241
1241
1241
1241
1241
1241
1241
1241
1241
1241
157
68
150
109
1241
1241
1241
1241
1241
1241
1241
1242
1242
1242
1242
1242
1242
1242
1242
92
167
68
160
1242
1242
1242
1242
1242
1242
1242
1242
1242
1242
1242
1242
1242
1242
1242
161
144
160
48
1242
1242
1243
1243
1243
1243
1243
1243
1243
1243
1243
1243
1243
1243
1243
165
136
381
160
155
1243
1243
1243
1243
1243
1243
1243
1243
1243
1243
1243
1243
1243
1243
1243
158
159
1243
1243
1243
1243
1243
1243
1243
1243
1243
1243
1243
1243
1243
1243
1243
68
221
68
173
68
165
120
160
1243
1243
1243
1243
1243
1244
1244
1244
1245
1245
1245
1245
1245
1245
1245
124
162
163
1245
1245
1245
1245
1245
1245
1245
1245
1245
1245
1245
1245
1245
1245
1245
72
160
168
1245
1245
1245
1245
1245
1245
1245
1245
1245
1245
1245
1245
1245
1245
1245
170
136
167
1245
1245
1245
1245
1245
1245
1245
1245
1245
1245
1245
1245
1245
1245
1245
181
120
120
166
1245
1246
1246
1246
1246
1246
1246
1246
1162
1162
1162
1162
1162
1162
1162
164
152
1162
1162
1162
1162
1162
124
157
166
170
164
108
169
171
120
164
159
1179
1179
1179
1179
1179
1179
1179
1179
1179
1179
1179
1179
1180
1180
1180
1180
151
92
165
1247
1247
1247
1247
1247
1247
1247
1247
1247
1247
1247
160
1248
1248
1248
1248
108
157
162
161
1248
1248
1248
1248
1220
1220
1221
1221
1221
1221
1221
167
124
144
167
1202
1202
1202
1202
1202
1202
1203
1203
1203
1203
1203
1203
172
170
1172
1172
1173
1173
1173
1173
1173
1173
1173
1173
154
157
72
168
164
146
163
120
153
120
152
92
164
70
74
68
1240
1240
1240
1240
1240
1240
1240
1240
1240
1240
1240
1240
1241
1241
166
159
1170
1170
1170
1170
1170
1170
1170
1171
1171
1171
1171
148
1143
1143
1143
1143
1143
1143
1143
1144
913
913
914
152
972
972
972
108
155
108
153
120
1148
1148
1148
1148
1148
1148
1148
1148
1103
1104
1104
1104
96
154
1190
1190
1191
1191
1191
1191
1191
1191
162
165
100
157
1206
1206
1206
1206
1206
96
156
169
160
1242
1242
1242
1243
1243
1243
1243
1243
1243
1243
1243
1243
96
149
157
144
972
972
972
973
160
1111
1111
1111
1111
1111
1111
1111
1111
160
1201
1201
1201
1201
1201
1201
1201
1201
1202
108
160
92
1046
1046
1047
1047
92
96
158
750
751
155
96
153
120
120
149
1218
1218
1218
1218
1218
1218
1218
1218
1218
1218
1218
1218
1218
1218
1218
96
162
152
1219
1219
1226
1227
1227
1227
1227
1227
1227
1227
1227
992
992
992
993
1072
1072
1072
1073
155
162
1073
1017
1017
1017
171
124
1085
1085
1085
1085
1086
1086
1086
159
970
970
971
971
157
96
187
1468
224
154
1149
1149
1149
1149
1149
1150
1150
1150
1150
1150
1150
174
104
120
180
1205
1205
1206
1206
1206
1206
1206
1206
1206
1206
1206
1206
1206
1206
1206
100
174
92
68
68
107
176
68
1206
1206
1206
1206
1206
1180
1180
1180
1180
1180
1180
1180
1181
1181
1181
171
68
162
1073
1074
1074
1074
1184
1184
1185
1185
1185
1192
1193
1193
1193
1193
144
159
120
1142
1142
1143
1143
1143
1143
1143
1143
183
901
901
901
124
160
107
80
368
80
1023
1023
1023
1024
1024
174
116
169
168
1226
1226
1226
1226
1226
1226
1226
1226
1226
1226
1227
92
1044
1044
1044
1044
1044
72
170
1155
1155
1156
185
716
717
680
68
103
107
170
1026
1026
1026
167
112
120
162
1113
1113
1113
1113
1113
1114
1114
1114
160
68
68
96
1035
1035
1036
1036
165
120
148
156
1062
1062
1062
1062
1062
70
74
68
72
169
104
168
1228
1228
1228
1228
1228
1229
148
1156
1156
1156
1156
1156
1157
96
173
120
1022
1023
1023
1023
171
1094
1094
1094
168
1180
1180
1180
1180
1180
170
108
166
152
1066
1066
1067
1067
1067
96
1063
1064
1064
150
48
162
1199
1199
1199
160
100
162
1051
1051
1052
1052
92
144
963
964
163
1060
1060
1060
1060
1060
1061
169
1198
1198
1198
1198
1198
1199
1199
169
174
1213
1214
1214
1214
104
176
174
801
802
100
157
969
970
970
166
976
977
977
173
120
96
156
120
1214
1214
1214
1214
1214
1214
1214
1214
1214
1214
92
159
1004
728
728
161
1043
1044
160
1035
1035
1036
168
104
161
171
1054
1054
1054
1054
96
170
1224
1224
1224
1225
1156
1156
1156
1156
1156
1156
1156
1156
1157
165
177
100
1240
1240
1240
1240
1241
163
1002
96
148
791
791
149
120
1150
1150
1150
1150
1150
1150
164
1128
1128
1128
1129
1129
1129
1129
173
100
96
163
986
986
165
1190
1190
1190
1191
1191
96
161
883
883
884
163
96
175
72
820
821
171
144
92
863
863
687
688
148
156
886
159
96
1079
1079
1080
1080
166
92
120
76
176
171
92
175
171
1241
1241
1241
1241
1241
1241
1241
1241
1241
1241
1241
1241
1242
1242
1242
70
74
68
161
153
1242
1242
1242
1242
1242
1242
1242
1242
68
1242
1242
1242
1242
1242
1242
1242
149
108
148
1242
1242
1242
1242
1242
1242
1242
1242
1242
1242
1242
1242
1242
1242
1242
162
155
68
1240
1240
1240
1240
1240
1240
1240
1240
1240
1240
1240
1240
1240
1240
1240
163
120
163
1240
124
1240
1240
1240
1240
1240
1240
1240
1240
1240
1240
1240
1240
1240
1240
163
148
1240
1240
1240
1240
1240
1240
1240
1240
1240
1240
1240
1240
1241
1241
1241
151
156
171
1241
1241
1241
1241
1241
1241
1241
1241
1241
1241
1241
1241
1241
1241
1241
166
140
167
1241
1241
1241
1241
1241
1241
1241
1241
1241
1241
1241
1241
1241
1241
1241
163
158
1245
1245
1245
1245
1245
1245
1245
1245
1245
1245
1245
1245
1245
1245
1245
171
174
1245
1245
1245
1245
1245
1245
1245
1245
1245
1245
1245
1245
1245
1245
1245
171
140
72
160
1246
1246
1246
1246
1246
1246
1246
1246
1246
1246
1246
1246
1246
1246
1246
144
120
149
159
1246
1246
1246
1246
1246
1246
1246
1246
1246
1246
1246
1246
1246
1246
1246
167
168
1246
1246
1246
1246
1246
1246
1246
1246
1246
1246
1246
1246
1246
1246
1246
124
163
167
1246
1246
1246
1246
1246
1246
1246
1246
1246
1246
1246
1246
1246
1246
1246
162
162
160
108
172
1246
1246
1246
1246
1246
1246
1246
1246
1162
1162
1162
1162
1163
1163
778
778
170
140
308
834
697
697
160
699
699
624
626
836
780
96
164
120
531
167
100
165
734
735
177
1136
100
175
1229
1229
1229
1229
1229
1230
1230
1230
1230
1230
1230
1230
170
120
954
954
92
1187
1187
1188
167
381
1073
1074
1074
164
172
1074
1075
108
165
171
1198
1199
1199
176
96
796
796
169
1118
1118
1119
1119
159
166
120
96
171
1074
1074
1075
144
92
1061
1061
1061
1061
1061
167
109
736
736
171
70
74
68
1059
1059
1059
1059
161
100
596
164
1200
1200
1200
1200
1200
160
120
96
754
754
168
1166
1166
1166
163
96
1123
1123
1124
1124
164
876
876
877
96
172
836
837
165
895
895
165
96
161
1032
1032
1032
1032
958
958
958
381
92
162
120
1222
1222
171
1020
1020
1020
1020
161
96
841
161
1184
1184
1184
1184
1185
92
96
161
1238
152
974
974
974
974
162
96
713
714
169
1188
1189
1189
1189
1189
96
167
736
736
165
985
985
986
96
163
109
1050
1051
1051
120
161
120
1133
1134
1134
1134
1134
1134
1134
166
96
172
1190
1190
1190
1190
1190
1190
1190
1190
1190
1191
1191
1191
168
100
1141
1142
1142
1142
1142
1142
1142
1142
1142
1142
1126
1127
1127
1127
1127
1127
170
1084
1084
1085
169
1071
1072
160
146
120
855
855
168
96
175
144
999
999
1000
175
92
148
181
1098
1098
1099
181
92
1155
1156
168
148
1070
1070
1071
173
911
912
912
164
96
719
154
1141
1141
1141
1142
1142
72
96
145
671
671
146
72
1204
1204
1204
1205
1205
149
96
166
1067
120
1224
1224
1225
1225
1225
1225
159
96
936
937
937
150
68
68
76
1162
1162
1162
1163
1163
76
385
153
96
985
985
72
150
1166
1167
1167
1167
1167
1167
120
147
96
76
68
197
68
76
68
291
144
1228
1229
1229
1229
911
912
912
96
154
1057
1057
1057
1057
1057
158
733
734
70
74
68
229
68
296
189
150
892
892
893
159
104
158
68
237
1168
68
68
152
152
109
144
1052
1053
68
158
Who
192.168.1.103
92
157
1080
1080
1081
1081
1081
166
92
946
946
946
1014
1015
167
Who
192.168.1.101
68
68
76
76
1077
1078
1078
156
158
1516
1516
771
1073
1073
1073
100
92
165
76
68
377
389
92
157
76
68
68
291
1191
1191
1191
1191
1191
1191
1191
1191
1191
1191
1191
1192
154
92
153
253
68
304
157
1124
1124
1124
1124
1124
1124
1125
155
100
164
739
740
159
120
1169
1169
1169
1169
1170
1170
1170
237
96
68
164
1215
1215
1215
155
1243
1243
1243
1243
1243
1243
1244
68
1206
1206
1207
1207
100
152
1014
1014
1014
152
120
156
854
166
68
109
164
1154
1154
1154
158
